0 0 3
1 9 4
2 17 0
3 5 10
4 6 1
5 13 2
6 1 7
7 16 4
8 11 6
9 19 11
11 7 1
12 15 3
13 10 5
14 12 2
15 25 12
16 14 12
17 20 3
18 22 10
19 23 11
20 29 26
22 43 27
23 35 28
25 24 11
26 30 19
27 26 14
28 21 4
29 33 16
30 34 31
31 42 19
32 48 27
33 36 20
34 27 4
35 32 9
36 40 31
37 54 31
39 49 40
40 44 20
41 65 31
42 71 31
43 47 38
44 55 38
45 38 22
47 72 31
48 60 38
49 39 37
50 46 37
51 52 37
52 66 38
55 67 40
56 50 20
57 53 37
58 74 31
59 75 31
60 59 37
61 61 37
62 62 37
63 63 37
64 64 37
65 70 37
66 73 60
68 82 31
69 56 20
70 90 31
71 68 20
72 69 49
73 77 52
74 76 55
75 87 66
76 78 53
77 102 67
78 80 37
79 86 63
80 93 31
82 79 55
83 84 37
85 103 67
86 100 75
87 83 55
88 85 37
89 94 73
90 108 67
91 109 67
92 88 55
93 89 37
94 113 67
95 133 67
97 96 89
99 97 70
100 98 84
101 99 86
102 143 67
103 110 94
105 107 91
106 112 86
107 118 86
108 91 70
109 92 70
110 101 70
111 116 100
113 119 114
114 114 97
115 105 70
116 106 70
117 115 70
119 123 121
120 126 97
121 124 70
122 117 100
123 122 100
124 125 100
125 128 97
126 130 126
127 131 127
128 138 100
129 132 100
130 127 97
131 136 122
132 140 143
134 146 100
136 144 137
137 139 134
138 135 97
139 141 97
140 142 122
143 145 97
