23
400
113
445
404
437
288
0
399
104
17
489
312
139
387
120
331
328
309
268
194
67
250
206
465
56
106
156
471
267
12
479
365
250
212
133
154
299
341
148
327
229
256
172
128
505
10
466
344
137
485
193
209
40
135
80
501
278
201
422
313
261
407
147
461
253
483
387
245
203
171
50
248
101
497
399
182
329
419
35
296
64
414
6
397
461
58
176
405
141
326
433
48
63
267
282
29
50
299
88
392
86
269
342
448
367
338
398
208
367
421
81
371
241
381
183
244
202
238
444
274
122
241
424
132
41
243
462
509
374
414
410
208
431
397
183
66
488
481
215
86
366
304
405
107
298
354
52
405
398
430
304
105
129
285
427
469
310
67
155
337
113
334
62
117
164
159
100
86
419
131
244
449
104
282
317
492
151
448
362
505
204
222
361
157
31
323
315
395
386
114
121
435
91
216
40
235
286
106
170
266
10
303
483
85
151
496
297
278
394
382
295
457
468
140
316
71
229
176
468
405
485
311
302
474
501
46
342
438
249
48
226
490
256
167
309
200
241
284
281
259
1
36
430
67
62
446
15
250
114
407
240
510
447
33
175
407
248
335
354
508
180
132
187
130
102
369
332
363
221
107
416
157
253
391
117
227
24
462
87
441
204
64
190
44
388
56
414
27
309
411
296
222
319
255
160
271
343
483
111
225
149
436
362
463
425
171
440
282
177
326
281
265
268
110
490
23
81
414
48
173
323
501
287
316
40
17
143
200
331
17
426
467
498
250
184
221
242
450
297
443
100
292
63
185
101
128
510
192
148
489
302
381
61
457
440
350
455
436
352
133
282
191
132
405
365
50
6
467
288
403
272
213
72
37
383
235
238
482
150
263
477
298
240
277
401
246
402
228
272
347
121
229
295
321
276
308
224
110
270
499
70
279
265
375
221
275
220
85
350
312
287
197
473
384
426
226
240
495
170
187
308
325
216
195
224
197
449
10
337
232
372
397
295
159
327
296
35
132
140
436
286
321
452
406
301
281
57
411
16
107
299
103
316
119
205
464
296
169
410
342
324
206
254
12
439
183
363
158
194
357
468
406
399
85
403
502
50
61
281
96
507
337
11
148
355
143
450
487
218
301
350
214
280
338
451
7
374
246
31
332
215
114
94
159
465
101
172
432
378
194
478
307
391
281
126
345
204
352
140
138
388
225
192
262
209
355
37
222
80
307
337
446
46
171
360
289
61
277
221
298
342
133
389
187
359
500
199
274
490
40
273
335
184
478
212
338
2
344
482
316
277
205
36
497
428
205
315
400
222
311
167
369
298
161
285
449
450
128
24
276
220
188
476
223
28
445
238
6
260
480
120
253
356
304
40
7
453
258
417
290
502
30
83
379
424
232
396
64
380
323
66
37
387
186
489
452
503
249
80
110
111
467
343
424
398
257
293
351
347
301
502
135
388
88
25
467
3
428
106
503
142
2
253
506
440
70
505
148
266
336
115
187
377
459
311
69
37
444
384
234
317
143
463
429
127
261
278
366
359
235
404
44
342
480
435
23
338
75
168
469
480
336
15
78
332
176
355
323
246
189
142
33
384
20
452
193
10
42
245
284
358
110
333
185
425
217
434
281
127
489
116
193
273
416
500
171
91
2
235
63
7
251
360
405
301
488
267
281
99
88
148
12
327
372
467
148
176
284
430
24
442
419
318
428
188
323
368
306
427
16
483
181
350
173
455
340
186
464
255
350
20
24
88
496
58
488
411
386
33
328
114
29
438
306
89
31
291
215
334
478
276
385
176
12
46
121
47
397
483
224
325
382
187
356
86
85
182
73
380
124
245
