54
558
61
280
425
393
259
445
88
30
122
392
219
363
471
167
268
175
93
415
311
382
307
106
192
417
410
364
9
377
60
248
153
208
7
209
240
485
295
194
89
198
304
250
304
22
442
395
435
292
187
1
194
478
71
294
19
222
27
465
159
69
343
245
124
481
212
347
368
20
479
291
70
167
68
446
57
422
83
305
312
143
208
26
357
117
400
235
234
164
384
94
327
439
81
161
368
356
167
358
105
390
261
58
110
298
171
174
288
29
504
440
94
322
33
316
511
273
10
199
427
501
101
468
266
165
281
436
111
254
178
484
453
404
485
135
454
311
55
247
413
412
99
362
197
369
453
52
124
202
389
284
359
338
167
473
121
424
479
72
234
12
280
441
371
490
52
393
331
482
347
202
6
68
221
343
164
439
469
288
117
497
499
392
451
75
271
65
309
458
62
295
71
255
120
278
261
466
411
77
330
10
131
398
468
179
236
105
70
225
505
301
303
249
224
435
26
427
447
51
35
427
152
16
325
426
497
326
250
218
387
280
18
10
250
104
208
211
440
432
315
44
59
320
98
469
356
169
278
90
252
31
280
186
60
360
170
68
293
217
340
152
396
355
135
305
484
301
176
464
322
464
395
196
417
459
285
341
34
235
355
227
465
354
18
261
226
75
302
199
139
164
393
214
346
322
137
385
439
50
89
137
356
101
489
80
231
75
382
125
457
101
94
25
4
316
233
380
186
88
64
230
344
238
418
92
123
210
159
318
289
134
1
203
302
135
429
70
91
29
105
50
195
2
282
255
296
166
238
334
72
184
295
315
481
287
295
266
414
428
0
392
385
0
426
19
477
1
473
346
187
215
58
129
324
288
174
49
52
411
25
75
42
163
481
276
128
172
311
417
225
353
185
19
381
201
91
179
355
129
132
20
53
297
130
443
359
359
78
475
336
202
497
139
195
209
142
380
75
2
183
25
242
370
338
232
212
271
58
278
422
146
267
261
409
191
378
473
380
226
452
48
366
17
475
33
443
369
105
506
418
138
68
119
465
206
250
136
49
99
334
170
210
74
43
420
148
20
235
354
318
252
13
265
395
360
249
477
202
223
169
283
19
113
215
373
143
495
341
19
117
20
258
492
225
57
507
349
173
357
269
206
290
345
221
232
318
428
459
20
499
147
51
351
281
224
426
406
264
103
180
58
99
331
31
110
8
294
21
259
6
114
342
52
263
82
131
451
330
176
203
299
39
2
15
297
419
64
339
387
88
135
277
221
249
28
264
366
189
14
417
313
187
427
108
328
159
24
344
411
500
83
144
325
457
208
359
420
465
48
320
310
89
396
299
372
322
304
272
310
351
277
174
262
50
211
48
57
492
438
415
426
54
453
173
270
364
47
163
164
6
49
468
82
344
162
248
153
430
275
133
490
71
288
410
266
73
71
291
278
376
290
197
485
179
0
479
316
199
90
224
410
458
54
466
139
177
30
161
60
38
46
397
185
64
68
256
408
29
371
344
82
76
263
263
269
369
405
59
182
258
428
492
363
273
192
13
410
379
156
503
81
460
256
197
433
48
337
46
245
455
319
331
278
358
390
141
461
507
83
113
497
254
26
496
126
266
302
438
351
359
139
196
261
131
91
150
389
293
469
465
207
415
362
380
100
255
297
2
405
324
243
334
383
255
488
378
234
167
6
105
369
66
463
320
182
247
218
90
491
314
406
34
299
320
124
25
405
310
28
453
169
210
189
195
54
47
109
475
396
213
186
137
262
251
155
315
474
277
5
420
399
231
300
253
209
163
94
61
19
197
443
488
104
24
116
156
324
316
304
302
359
227
44
216
50
78
108
154
58
81
489
223
178
67
15
200
340
6
343
442
35
91
257
69
428
430
106
383
16
449
200
29
112
236
489
42
50
329
136
277
105
423
14
47
496
232
415
48
474
241
497
54
78
396
344
278
73
243
10
226
96
412
256
421
386
480
403
452
5
162
456
199
49
247
42
447
365
86
452
290
125
358
331
275
64
362
62
410
260
502
36
416
511
144
298
149
189
451
144
322
138
187
50
134
139
418
308
20
147
492
217
465
462
14
403
197
459
305
408
213
153
62
180
364
307
204
55
340
261
47
383
305
69
152
450
330
310
301
307
319
21
328
324
146
24
4
490
362
312
449
238
497
277
484
136
428
120
416
4
215
254
260
371
63
26
159
142
233
453
250
20
92
183
68
416
506
258
289
285
207
471
106
110
397
417
352
124
36
377
187
511
34
416
218
336
217
338
341
44
32
99
473
65
158
317
244
192
283
157
351
482
481
123
219
282
499
133
400
136
282
351
143
54
508
390
437
166
87
373
332
349
318
71
119
370
192
495
263
243
103
38
42
81
73
27
57
129
53
416
264
430
421
341
329
237
293
436
374
127
460
83
452
337
72
392
249
366
12
453
284
454
19
481
454
240
332
213
272
418
425
32
135
104
487
361
507
393
405
110
132
483
286
508
382
205
423
94
227
116
475
154
92
359
456
208
119
316
232
275
14
486
157
510
145
290
291
83
