28
509
156
284
348
125
10
4
157
462
508
285
0
35
357
454
232
180
8
121
156
379
408
110
151
88
97
155
429
495
78
412
86
127
497
179
162
72
394
175
134
493
216
18
270
154
397
443
196
278
500
29
308
213
338
336
414
316
103
53
73
435
95
366
470
381
428
28
293
439
307
216
131
390
395
236
507
243
128
168
438
446
287
60
486
2
220
239
4
109
416
415
111
428
184
280
363
145
182
89
112
405
348
253
297
491
307
111
157
93
371
136
227
448
233
389
369
193
360
188
341
451
127
387
194
426
468
459
373
460
204
65
134
350
440
396
223
316
459
202
174
504
44
12
120
339
91
80
311
54
117
372
156
408
45
147
238
32
186
280
229
463
152
251
122
40
120
471
437
410
303
112
233
289
73
452
256
418
156
273
192
3
346
283
335
363
483
204
448
56
433
456
360
483
211
124
197
226
46
229
155
282
316
7
247
228
420
492
203
59
70
280
299
445
337
252
292
306
446
80
59
401
476
470
320
418
406
159
466
49
178
139
76
459
428
439
94
10
328
282
439
95
116
221
32
169
439
232
370
398
76
396
76
481
339
134
493
389
121
142
268
290
459
372
314
297
347
449
104
316
177
29
375
467
166
510
506
149
135
430
131
22
304
43
413
308
90
454
323
250
120
33
304
207
79
378
305
374
355
476
59
52
185
122
234
374
154
137
466
282
472
21
123
350
399
251
203
330
53
484
411
236
165
458
45
421
187
117
182
312
308
7
194
159
191
494
361
265
186
75
81
497
77
44
149
194
456
42
165
407
282
287
399
190
15
239
82
268
416
461
46
487
54
370
405
74
502
13
284
283
461
77
38
501
113
330
233
446
198
422
106
408
62
257
301
177
71
505
493
373
365
125
182
351
71
338
118
464
211
180
25
332
231
258
137
410
450
14
407
312
272
21
104
5
382
281
46
454
168
405
59
7
291
197
328
408
180
175
173
498
16
21
16
29
327
220
136
430
324
479
453
69
493
227
261
279
248
354
179
145
305
252
507
408
434
380
272
180
177
250
380
167
468
363
364
124
504
183
186
153
27
416
501
274
163
295
102
469
432
481
386
504
70
281
410
368
74
389
48
198
480
60
116
484
287
80
120
334
191
173
257
211
253
379
198
211
320
257
205
213
95
245
191
300
459
317
204
275
295
117
236
507
454
114
92
233
295
23
215
93
465
24
15
222
270
506
44
315
330
328
345
133
491
213
272
391
262
463
368
205
180
376
422
387
310
16
152
104
37
416
369
38
73
79
76
53
23
483
335
497
350
155
107
466
269
147
408
440
340
36
102
461
201
467
494
273
266
380
171
226
102
474
70
361
81
326
46
69
372
469
377
434
498
192
163
223
346
178
172
410
264
279
348
18
456
329
21
1
474
198
116
506
459
351
484
422
66
361
504
142
200
144
478
131
499
110
236
467
147
123
25
331
24
232
245
50
175
430
296
202
118
1
366
239
113
313
114
85
123
21
27
440
360
324
388
502
204
456
43
136
288
99
157
385
222
6
268
15
132
229
27
333
166
305
43
427
70
350
440
382
446
144
150
506
184
78
269
344
456
325
449
225
370
194
52
439
457
468
373
287
166
458
401
258
22
354
36
218
39
44
250
476
251
191
334
114
271
24
116
141
176
257
202
16
427
100
435
150
113
365
454
264
336
56
428
469
45
63
27
494
144
56
428
402
280
294
314
145
337
16
491
164
131
59
151
458
219
130
456
496
235
115
98
271
504
267
66
505
448
381
250
293
1
131
145
402
401
253
60
467
34
85
260
449
244
236
259
338
483
238
39
409
441
438
365
509
300
462
490
150
222
386
347
291
211
375
158
198
363
6
484
247
311
380
254
123
386
312
42
396
279
463
229
138
280
317
445
251
182
87
40
175
273
278
209
492
506
55
477
136
4
346
435
9
454
298
252
199
296
442
242
506
108
13
492
320
384
259
413
190
329
107
398
21
5
369
83
58
66
466
145
68
302
350
154
491
343
181
415
68
353
37
343
387
485
434
69
367
386
468
172
84
273
497
470
359
6
471
386
251
211
16
450
211
142
445
177
133
206
157
432
457
99
455
250
397
20
93
311
383
187
344
217
469
56
224
261
95
370
439
398
224
71
118
92
72
107
276
179
459
168
458
64
69
471
426
307
146
393
133
388
343
403
82
61
142
197
289
126
271
496
36
5
488
196
25
353
77
359
35
392
248
381
91
343
196
61
328
248
38
181
332
320
15
51
275
391
124
486
12
174
147
141
488
484
272
357
339
234
376
361
239
184
133
367
211
385
58
451
382
