25
344
13
283
449
180
353
134
24
144
442
427
413
98
209
397
52
407
69
125
144
180
190
348
71
64
404
342
147
116
184
266
462
201
64
306
481
489
290
75
149
9
227
19
79
305
286
302
421
238
185
141
63
43
115
455
366
420
345
175
55
166
46
51
510
236
5
325
415
347
331
48
511
152
331
157
131
382
442
326
308
429
417
18
233
170
59
416
324
60
176
41
0
415
457
476
468
247
183
481
398
300
246
394
452
355
381
301
369
266
268
178
390
266
21
167
354
268
216
438
186
250
71
135
296
172
389
135
247
260
461
329
427
189
237
252
449
116
328
403
280
59
50
49
138
45
41
13
432
65
53
228
71
443
20
134
59
0
47
383
159
427
95
93
349
118
463
347
78
341
56
315
457
241
110
178
503
213
20
73
501
254
459
25
188
86
258
440
472
464
20
293
375
411
205
168
370
441
94
161
288
95
189
231
253
399
14
474
55
398
337
407
93
144
214
399
136
509
511
510
344
368
66
202
242
423
33
364
355
307
418
27
440
349
239
239
28
60
11
418
485
346
278
417
489
91
309
242
36
438
452
386
249
310
309
257
427
325
52
249
269
32
0
312
363
442
456
130
378
249
501
156
72
174
318
248
486
251
234
231
199
18
210
176
317
134
475
184
381
266
35
395
32
262
34
364
482
268
67
372
357
175
428
147
42
198
360
304
35
172
120
352
206
217
495
23
313
12
481
210
362
362
445
37
255
138
508
87
300
408
142
344
492
146
53
373
452
313
143
127
97
9
489
436
161
488
20
174
295
299
203
176
2
399
357
407
409
336
475
25
263
58
477
80
122
367
372
48
97
113
324
388
287
78
80
101
276
52
477
27
225
474
406
363
286
86
397
282
314
377
36
346
102
399
75
200
2
329
444
511
373
451
128
428
310
142
506
343
48
416
111
106
45
185
141
280
320
270
148
64
64
178
3
511
94
422
492
78
435
227
341
52
84
347
111
443
30
296
423
501
308
179
116
318
199
458
487
83
508
210
228
469
212
43
33
25
326
161
132
116
78
68
405
431
150
35
35
60
339
277
384
299
37
366
54
381
322
247
419
381
16
332
109
14
444
304
34
421
473
448
40
7
430
312
396
223
286
501
154
113
314
405
481
144
22
146
294
297
141
2
408
442
395
459
23
289
292
227
172
146
238
316
353
7
499
200
47
159
494
135
390
409
307
437
477
497
213
411
279
88
398
248
348
293
22
7
465
383
252
326
154
261
99
18
452
51
277
57
13
369
131
419
98
497
55
269
392
85
65
458
240
90
369
301
363
343
342
98
417
254
90
481
195
210
438
364
178
359
4
399
152
99
179
367
90
10
459
436
31
510
271
266
75
342
353
183
163
178
111
501
201
103
321
42
168
208
145
388
124
54
481
29
442
218
359
170
388
450
29
493
370
135
120
182
5
142
265
419
370
454
219
112
381
191
366
229
45
420
90
302
188
385
305
22
63
378
507
371
253
487
448
218
149
98
271
407
312
487
91
319
221
286
365
230
171
295
137
509
330
330
22
117
114
451
252
34
312
463
7
490
