20
396
10
436
429
265
14
477
153
268
221
446
129
122
449
67
119
304
255
75
180
430
193
259
7
94
265
429
346
317
11
177
112
26
134
249
479
138
368
82
496
460
121
126
400
412
371
337
102
35
156
77
505
292
16
17
116
248
468
28
213
426
345
486
146
229
268
68
328
210
123
74
448
66
295
204
224
115
351
212
50
330
70
39
179
8
261
462
274
50
42
169
189
161
308
472
473
269
282
251
348
268
386
184
258
352
359
402
28
155
176
257
151
486
412
193
441
69
54
179
344
391
306
157
53
321
506
45
132
112
109
33
317
303
425
174
330
398
248
153
31
132
391
291
478
34
448
99
151
104
438
86
344
138
288
232
100
446
458
300
448
299
323
341
311
345
421
156
360
135
421
490
25
96
480
159
39
7
159
455
137
231
161
193
495
132
502
224
84
288
383
203
415
456
183
470
34
240
136
240
117
208
468
243
175
503
297
422
363
196
285
488
443
406
369
165
111
15
144
5
111
343
176
271
440
404
470
100
380
484
138
225
456
235
404
411
3
158
95
171
274
335
214
230
507
121
231
304
170
145
359
168
469
240
288
107
500
185
298
222
297
205
8
429
9
367
278
140
69
201
353
127
220
240
272
222
231
75
39
279
410
431
21
506
352
314
244
486
443
320
415
501
61
419
338
242
26
304
278
175
229
329
30
475
336
256
134
202
146
191
37
196
124
269
316
253
110
344
354
205
498
296
311
203
483
140
375
49
0
140
336
158
316
86
427
159
286
470
231
21
299
99
71
154
104
447
200
181
271
318
57
268
377
238
193
434
417
25
29
305
324
151
206
302
255
305
390
209
371
220
220
410
52
255
254
124
8
206
208
32
416
53
427
171
20
27
252
185
78
241
438
118
161
62
1
411
413
222
422
96
301
408
441
188
163
27
59
226
147
386
174
162
23
350
458
235
174
505
468
42
196
434
103
174
323
442
11
56
7
47
490
23
27
410
482
124
168
36
447
105
406
16
1
164
211
451
434
44
68
192
173
360
128
490
142
415
9
21
430
167
433
329
253
347
452
252
408
421
257
279
365
360
93
226
413
79
429
507
1
37
213
245
481
260
411
447
37
227
186
223
285
484
356
117
468
247
463
254
248
245
176
335
145
395
175
233
49
286
117
413
221
77
352
177
91
118
176
97
314
297
267
49
116
251
139
462
228
274
89
343
463
27
383
278
381
492
292
71
217
293
230
105
312
192
120
9
71
237
171
440
84
360
435
240
264
273
277
249
34
284
97
261
230
337
19
134
259
340
299
244
66
110
346
50
119
74
470
309
488
505
279
223
365
44
61
418
158
156
45
182
286
244
54
72
161
212
367
362
418
354
395
113
159
115
190
91
507
130
354
473
153
94
130
99
152
378
329
344
447
199
366
164
250
256
274
217
325
336
218
373
186
148
87
326
237
357
333
61
315
208
320
68
218
28
471
462
454
223
55
271
46
403
120
391
259
375
385
393
256
165
166
71
294
493
294
322
3
358
184
16
401
7
159
230
177
2
109
327
509
64
398
82
309
284
54
110
484
43
342
162
112
414
345
324
441
69
494
40
275
121
316
164
13
308
225
222
334
340
73
215
184
210
368
453
441
8
364
188
189
376
467
218
342
176
148
316
501
459
43
318
200
69
340
60
421
8
411
236
203
354
90
126
187
53
463
509
122
56
364
405
169
60
424
417
158
245
357
37
66
344
334
339
0
502
195
492
25
270
331
310
139
461
30
92
66
81
509
120
154
274
20
392
181
92
175
136
495
214
93
3
71
462
378
121
