20
205
24
408
485
405
230
271
349
84
62
296
283
373
510
281
34
243
473
58
66
124
301
211
499
41
181
273
25
236
71
375
429
222
466
376
161
291
414
268
271
297
333
498
414
81
476
392
449
297
246
219
389
312
369
118
0
397
41
316
175
1
443
335
440
47
39
270
105
397
349
258
416
189
492
72
174
340
462
372
413
321
335
326
194
146
5
354
92
198
151
464
317
291
146
380
335
180
213
232
421
15
187
106
207
449
511
225
64
421
461
14
407
448
107
17
409
112
151
316
276
327
383
2
398
236
192
192
143
308
111
203
309
160
15
343
396
400
83
429
292
343
431
275
163
412
393
58
126
427
279
166
83
111
183
106
413
482
247
349
11
47
38
37
32
101
413
64
132
486
236
61
344
234
359
393
408
42
182
230
213
34
288
203
119
85
153
392
466
210
65
179
505
301
279
457
356
220
245
325
24
170
230
57
276
29
478
497
51
347
468
231
176
348
306
183
437
211
409
44
132
442
249
404
160
102
451
389
284
274
52
188
45
274
299
152
73
496
200
380
154
105
441
162
206
213
477
365
357
108
441
309
246
246
433
399
230
123
369
312
394
453
225
277
320
456
287
422
394
309
477
228
18
121
270
319
430
269
224
294
225
24
175
484
13
503
222
230
65
467
292
169
13
215
164
157
158
234
23
283
417
226
429
240
72
356
332
505
86
452
201
462
439
260
271
336
155
193
481
321
176
1
227
13
497
463
86
201
83
98
72
323
189
19
286
326
146
422
137
356
125
246
286
25
15
55
507
469
233
0
419
46
118
371
248
42
10
254
306
6
135
337
431
227
159
465
337
224
44
48
282
70
446
219
423
241
358
50
392
287
473
96
35
421
79
400
354
18
379
309
40
374
76
196
466
116
458
121
474
252
77
165
393
114
499
242
346
392
166
462
465
307
