17
321
204
170
192
439
374
413
242
284
292
39
126
334
225
139
47
55
12
313
444
213
498
171
233
322
297
248
66
68
261
456
32
316
179
487
440
207
57
125
345
108
20
449
132
101
40
507
389
230
487
307
450
391
400
31
403
329
477
370
45
167
117
86
219
133
313
168
407
273
86
417
186
165
174
463
35
383
62
451
478
508
142
243
203
167
135
280
265
142
458
32
229
323
25
384
451
351
248
110
46
481
412
244
321
436
42
263
48
245
504
304
475
426
401
206
475
130
474
355
393
172
70
373
94
337
11
400
362
3
367
325
43
367
419
235
121
87
120
437
182
153
77
5
130
497
190
448
229
341
65
29
424
324
475
391
459
232
206
378
423
442
92
270
180
241
499
68
271
280
20
139
402
48
131
439
122
363
162
89
53
95
130
49
257
502
270
42
297
242
26
396
148
258
68
504
105
371
35
329
128
29
314
351
415
40
152
281
181
202
273
81
0
356
156
480
135
50
32
492
74
318
100
194
49
123
155
102
96
132
157
131
186
184
300
278
24
298
398
208
93
265
427
43
313
444
101
55
208
131
110
72
191
155
369
146
141
236
179
273
291
372
185
400
54
382
488
225
322
98
260
296
108
324
73
396
469
173
152
70
423
403
44
294
429
131
334
405
248
301
172
304
416
96
479
91
223
317
4
501
118
285
508
452
209
314
424
138
290
388
272
508
301
427
303
86
219
317
468
511
34
319
212
442
66
102
464
60
494
387
398
475
446
390
475
506
509
92
40
280
151
345
233
325
443
228
510
466
91
107
14
213
15
195
466
216
45
232
504
159
173
102
239
488
106
39
103
132
323
435
193
470
452
20
286
134
116
492
392
275
295
232
212
311
438
179
115
198
388
82
318
43
196
54
195
137
26
378
401
50
281
460
270
332
374
197
130
18
23
401
438
415
22
76
380
275
264
122
444
81
121
440
9
93
356
328
186
201
153
5
113
273
7
470
252
330
199
490
198
41
392
271
179
314
299
168
74
130
501
71
416
464
287
162
37
76
364
180
245
23
284
200
205
478
378
145
281
189
510
12
415
218
488
185
304
119
393
42
106
70
458
423
447
267
79
446
142
419
54
148
186
44
290
500
388
230
193
45
318
374
224
231
196
151
375
326
69
214
14
256
502
365
133
52
118
344
35
260
481
185
324
479
455
218
422
387
90
468
69
310
25
334
290
377
446
282
288
77
332
178
226
481
244
44
365
143
341
485
71
272
167
250
30
182
242
129
362
426
137
4
139
114
128
256
254
109
117
332
472
79
495
98
422
232
171
259
21
500
409
106
242
53
107
340
501
493
419
492
229
270
230
453
89
399
489
503
449
505
197
21
93
180
119
106
396
477
276
33
384
259
67
40
82
299
224
94
180
359
469
357
109
465
242
316
357
76
105
107
112
40
427
174
425
150
174
190
500
438
4
473
369
59
148
98
