11
511
185
112
390
14
110
379
50
390
372
246
64
506
337
272
501
466
456
306
80
157
4
332
348
310
96
348
379
3
141
412
379
464
3
66
85
280
462
468
151
506
213
219
45
323
39
52
374
405
333
114
145
103
361
96
8
192
247
77
64
269
123
423
287
332
232
506
74
365
176
216
56
452
280
204
159
359
434
471
464
383
84
186
329
186
168
238
4
371
494
342
136
237
396
297
113
210
274
37
420
260
135
110
227
145
178
127
72
285
398
368
240
441
325
96
240
88
236
257
358
202
122
381
495
108
380
390
96
288
423
306
217
370
117
372
338
219
345
194
370
228
276
345
439
193
316
109
313
409
235
133
98
425
39
275
199
250
324
133
69
368
133
141
470
398
283
380
347
320
272
503
113
192
389
434
480
39
254
424
223
309
494
219
176
504
70
505
215
486
157
271
255
61
162
298
416
163
413
167
239
247
47
136
460
304
290
475
201
193
502
254
242
206
109
109
49
320
119
432
176
506
109
461
254
299
110
364
36
225
176
212
465
138
101
83
140
4
95
359
80
331
365
341
402
52
279
137
391
475
230
61
216
352
93
255
81
137
186
16
110
507
401
455
236
184
217
95
279
93
138
67
11
311
291
242
336
485
222
371
215
492
118
418
328
472
332
321
199
462
412
125
152
405
324
440
184
134
103
486
25
190
231
167
84
230
149
304
483
25
430
96
248
317
14
105
223
339
124
386
472
406
464
63
307
90
308
170
354
510
299
383
50
1
348
0
16
301
118
260
213
398
343
420
471
207
354
204
350
312
67
247
59
143
191
95
474
135
417
499
288
457
47
72
8
237
67
163
363
76
154
205
25
310
158
477
221
329
307
53
491
464
22
165
55
167
249
343
157
259
117
425
490
13
82
386
88
30
184
209
236
464
100
461
125
152
401
298
265
257
235
452
480
442
64
368
77
83
145
405
339
298
389
79
444
56
274
363
96
127
153
281
427
12
94
367
451
41
55
328
294
111
174
380
136
351
447
371
17
56
114
183
463
273
171
40
367
353
413
276
317
427
210
15
426
246
316
322
339
309
409
46
496
146
68
352
407
424
191
190
509
424
464
491
130
279
254
11
153
448
85
362
498
192
167
276
508
235
144
129
447
225
200
389
263
463
275
496
511
21
320
48
34
5
405
106
264
27
316
376
223
265
132
399
390
454
124
180
19
267
347
277
416
74
67
444
480
109
408
80
345
179
416
74
300
3
360
358
459
134
332
371
285
488
509
92
297
410
461
477
263
452
412
100
473
496
82
378
511
22
215
86
442
338
94
287
347
18
119
430
258
421
457
19
497
458
291
242
9
151
471
379
371
307
337
205
17
331
133
294
477
406
475
145
220
53
98
82
103
211
298
376
289
146
430
143
187
17
107
244
179
195
436
127
452
353
350
355
271
39
426
301
331
156
213
337
84
255
496
236
97
308
233
91
398
121
508
23
362
465
80
246
109
152
405
146
101
113
440
170
42
257
494
227
123
162
180
81
207
74
351
349
421
240
427
97
432
274
153
299
241
152
399
344
47
452
375
392
232
384
377
117
220
456
47
248
31
204
171
321
228
278
1
28
480
9
106
506
467
2
437
74
416
101
94
258
177
111
217
201
91
343
422
156
212
208
201
261
76
392
221
444
382
204
228
488
213
184
74
502
367
263
473
154
299
279
2
125
216
296
64
139
395
103
46
257
185
301
241
21
464
220
136
280
138
267
498
171
34
433
169
141
348
62
54
311
42
249
275
132
101
114
298
452
12
169
406
258
65
35
1
493
22
189
383
19
89
488
0
214
1
466
497
421
506
169
351
416
86
351
14
179
32
250
304
71
89
460
500
471
452
134
281
213
184
306
122
333
368
39
355
495
433
424
40
475
357
507
158
33
423
243
431
362
283
438
54
249
84
418
185
485
335
2
126
146
41
431
466
458
416
460
367
459
204
151
230
189
496
390
217
257
11
217
146
495
346
259
483
206
371
447
49
7
17
489
200
105
93
337
125
497
214
410
128
381
138
145
255
17
275
70
9
331
360
236
267
107
234
283
282
352
497
459
217
238
425
279
375
448
78
118
353
12
62
58
8
320
313
490
337
490
329
165
272
306
375
8
102
145
394
166
354
57
151
291
227
325
318
57
378
82
292
13
165
97
96
481
143
333
46
185
353
78
395
45
124
92
95
433
344
89
505
240
396
413
99
31
503
360
205
444
505
425
49
296
413
8
224
90
254
427
307
478
74
444
28
72
306
263
164
262
362
219
109
75
399
18
209
123
208
205
247
403
166
109
6
52
357
474
172
452
74
182
