32
326
415
373
462
464
309
390
33
298
345
354
65
310
220
347
142
405
506
169
411
417
439
422
162
143
231
320
152
52
500
10
217
223
395
353
491
129
436
460
341
160
27
288
240
194
372
390
94
489
56
175
43
143
431
289
387
140
411
35
363
173
265
231
238
306
299
113
221
379
177
509
221
220
485
248
35
283
394
374
99
330
245
345
360
184
440
253
468
137
506
189
293
135
306
133
396
460
116
480
212
164
406
136
366
507
365
254
137
208
510
438
4
246
228
176
2
448
476
307
281
271
171
490
113
447
148
130
353
430
409
110
167
407
223
140
179
291
114
428
433
506
182
480
444
2
260
60
431
201
2
117
100
357
80
353
362
22
445
365
57
207
339
99
65
490
419
98
252
102
162
445
414
232
24
378
463
123
357
43
212
151
34
409
56
476
394
151
201
371
304
308
370
143
239
275
265
87
115
329
227
477
156
70
345
312
86
367
158
500
492
377
46
56
167
340
19
63
24
170
171
29
211
145
417
364
352
130
230
13
88
460
75
473
136
26
295
7
349
400
493
249
428
8
51
392
253
206
307
11
291
399
171
81
485
133
455
437
220
38
408
106
71
399
368
10
485
480
299
375
306
383
355
64
492
229
296
293
31
109
294
341
293
323
149
338
327
381
93
308
234
97
457
113
95
394
70
153
61
451
437
370
457
49
244
405
205
435
483
302
450
64
364
299
22
265
245
359
478
15
132
417
244
17
204
467
142
347
357
92
129
10
363
22
174
227
475
207
394
86
104
80
294
299
74
52
488
193
292
400
261
142
462
498
454
111
53
73
155
123
143
139
480
373
376
78
303
156
456
8
276
261
167
229
340
63
270
480
166
195
97
91
368
337
347
28
85
334
433
399
384
375
109
250
441
469
315
4
116
458
471
73
19
227
493
322
32
279
106
314
11
265
509
435
211
62
98
421
265
242
129
235
336
426
397
115
294
148
481
208
186
44
145
347
482
179
219
223
345
125
288
451
438
270
127
34
225
454
422
116
272
267
429
458
458
270
73
350
228
387
397
129
12
347
294
460
230
119
182
54
127
164
275
398
451
70
37
261
15
173
510
318
155
88
396
115
126
407
350
444
234
44
456
88
254
140
240
92
482
506
17
231
349
39
340
382
53
109
264
195
238
153
472
407
288
335
379
232
166
185
31
400
132
459
480
44
131
184
160
14
282
480
37
129
170
363
453
100
371
440
243
257
423
79
269
397
406
49
32
403
511
289
412
322
239
294
383
59
341
353
196
28
98
496
256
396
316
42
193
206
404
157
257
337
456
409
237
20
274
449
455
170
10
298
57
207
420
75
439
372
415
337
80
199
291
305
426
279
172
21
114
244
51
290
28
91
164
145
273
4
152
13
63
188
90
288
252
434
52
197
135
10
164
330
382
221
22
482
412
178
223
26
42
53
476
108
200
375
171
354
137
219
417
390
249
107
146
441
486
140
120
145
30
280
