23
230
171
34
196
437
361
35
63
465
254
91
417
279
226
497
335
236
131
20
326
312
488
0
40
116
3
380
304
411
509
40
495
368
306
450
235
272
298
354
349
297
154
482
238
221
332
40
270
37
312
102
506
403
502
357
268
496
20
348
5
131
241
164
140
151
504
82
164
228
413
91
383
452
442
141
6
276
274
494
440
407
385
78
450
370
367
164
107
489
211
172
467
199
243
232
352
365
208
353
307
371
492
195
425
117
321
357
328
408
345
253
271
38
336
32
163
93
398
51
372
269
190
397
465
233
469
230
69
488
496
74
5
294
450
214
229
158
84
348
56
19
287
487
334
376
247
317
409
69
444
52
342
9
465
240
276
379
344
171
480
158
401
65
424
137
88
266
264
257
70
398
347
312
73
247
292
311
70
59
169
38
31
34
434
183
504
319
452
431
35
174
301
260
70
356
16
300
454
88
492
199
425
195
174
441
331
380
322
117
19
338
405
214
194
262
75
173
250
447
389
228
295
501
73
181
186
32
295
419
51
222
419
173
113
389
292
178
334
355
164
250
229
410
312
414
281
303
317
30
246
116
37
267
91
393
342
112
196
79
275
167
328
124
76
286
450
36
115
423
83
396
105
6
128
441
189
458
300
60
309
129
455
6
116
284
127
306
0
218
435
138
50
389
504
510
418
342
284
330
500
418
102
269
155
14
239
217
207
284
118
249
397
201
388
386
174
295
104
171
235
120
511
227
354
105
44
87
404
160
160
88
271
75
53
247
238
279
183
21
467
436
98
26
318
483
92
248
344
411
185
231
305
280
47
367
215
292
380
128
69
220
436
398
436
369
455
160
262
253
389
239
232
106
256
102
250
280
510
277
161
113
320
111
429
204
371
480
102
481
266
325
24
348
357
303
184
77
491
261
343
83
145
213
269
279
7
497
501
420
1
123
51
244
317
44
382
488
321
66
191
54
376
493
426
136
290
426
293
446
503
189
170
482
233
312
405
163
200
195
222
459
328
357
8
353
245
239
459
172
397
447
50
150
451
289
7
495
39
432
450
22
