16
272
234
77
16
330
229
334
321
50
47
322
27
511
227
503
483
454
191
189
500
308
256
275
122
510
492
511
308
49
186
404
67
240
234
333
402
477
161
384
8
97
191
339
303
297
21
372
322
425
463
21
355
216
216
96
47
233
375
372
416
148
185
442
203
476
411
353
432
460
341
48
151
235
52
460
104
8
365
118
85
336
447
228
383
468
448
156
482
503
262
405
66
505
467
460
14
93
350
175
88
307
263
362
27
348
476
313
101
167
232
246
314
417
0
201
298
405
298
55
234
45
328
388
176
287
510
424
250
422
473
197
45
22
286
416
150
169
457
178
135
351
505
499
400
11
351
466
145
101
56
454
388
173
12
511
294
91
432
235
118
373
424
137
276
237
475
143
32
470
212
115
56
78
64
325
425
254
414
171
331
302
104
267
291
188
262
212
151
278
18
135
402
257
399
217
433
16
132
448
211
118
268
367
223
433
442
281
296
219
81
122
296
100
479
298
459
460
21
440
154
282
389
317
449
152
164
146
501
407
218
212
436
414
99
279
406
281
336
401
231
185
125
342
278
342
275
434
488
138
455
234
73
415
226
455
15
44
18
6
82
327
415
417
25
244
434
500
187
90
34
304
27
502
205
143
141
423
257
381
318
362
198
262
89
452
220
425
98
497
451
102
203
509
348
453
192
278
215
184
487
225
331
72
48
458
420
288
272
438
403
197
241
311
377
339
378
411
34
186
395
172
211
153
376
389
221
333
292
137
263
49
409
171
118
334
306
230
124
8
201
285
80
114
355
511
441
403
329
371
276
59
394
335
122
100
19
14
469
410
464
375
21
212
168
445
131
358
446
480
396
476
353
247
277
122
180
99
33
37
348
286
108
395
432
497
122
41
399
251
289
469
315
107
110
168
382
114
362
204
326
115
25
142
97
104
251
200
41
108
57
142
417
207
422
195
257
267
263
103
133
22
388
131
390
250
4
122
312
69
282
303
176
139
85
9
345
449
161
62
326
228
304
308
366
316
110
381
62
383
292
158
293
422
321
241
40
340
17
303
495
425
30
250
189
418
186
477
299
463
189
446
34
454
503
195
187
272
392
285
26
110
131
141
314
201
9
435
225
271
410
144
275
97
189
23
170
508
85
327
468
445
120
349
270
402
172
130
341
343
308
130
118
2
140
432
108
139
85
445
431
91
437
51
293
476
315
107
229
311
24
190
463
39
215
90
399
396
142
25
390
165
138
342
415
163
