16
165
259
106
90
238
268
450
238
39
278
26
138
178
431
43
396
343
442
42
178
499
277
198
182
121
336
485
178
139
313
226
24
451
275
175
87
351
412
495
17
436
84
256
148
139
437
434
312
392
191
259
46
167
478
68
82
432
265
393
332
388
465
346
174
400
60
119
426
360
416
253
237
321
491
83
348
370
488
116
498
105
460
497
92
465
155
265
272
208
390
182
451
330
439
368
353
359
291
155
148
467
247
471
199
363
182
209
492
244
320
426
141
205
89
324
172
247
54
58
365
48
125
428
1
294
407
20
397
357
312
196
235
487
126
463
414
413
321
38
236
252
198
70
165
240
487
163
18
179
45
74
184
5
436
4
483
162
444
190
188
187
328
298
492
479
387
401
266
250
123
458
449
260
421
158
111
474
502
276
505
480
425
476
401
304
325
246
347
237
199
318
219
422
283
453
30
338
211
371
215
17
510
214
440
402
10
181
377
437
53
497
479
84
79
416
386
273
244
488
476
262
412
223
449
405
273
478
451
137
265
275
82
484
260
93
107
27
492
289
265
393
363
258
45
265
178
438
152
216
332
391
422
191
400
4
341
98
469
498
2
311
64
27
360
81
4
385
313
507
349
151
306
274
240
418
17
270
492
499
241
174
108
67
272
92
98
401
389
455
275
291
295
388
46
131
175
450
82
474
440
393
492
1
17
474
107
129
454
216
85
332
469
139
266
436
361
475
495
219
164
154
138
197
501
231
254
115
230
123
224
32
