13
170
89
299
102
510
35
218
260
358
262
426
112
183
363
105
463
270
443
266
89
166
325
234
456
188
208
167
486
169
442
348
33
128
110
453
352
392
509
325
223
111
227
159
258
358
282
508
114
373
139
27
299
340
48
429
255
260
394
423
256
108
175
231
508
322
185
258
142
296
114
206
502
181
410
194
212
209
89
169
457
428
36
430
14
226
322
297
88
427
5
101
78
510
190
462
438
361
489
283
8
170
396
355
331
40
49
382
25
287
343
445
145
420
429
65
490
313
196
298
210
481
49
145
509
299
299
485
162
421
102
181
164
434
469
167
295
173
90
469
466
461
106
409
121
315
336
215
76
376
351
382
256
342
452
423
247
46
273
352
116
466
236
94
320
294
225
445
57
194
259
149
384
91
82
189
129
90
426
198
296
205
427
21
461
261
104
435
388
133
460
88
111
388
82
509
381
184
345
476
497
331
56
2
112
328
211
363
85
109
476
271
70
186
63
283
376
1
282
342
385
130
131
304
340
437
105
7
482
485
91
108
467
109
393
58
37
54
44
299
324
97
119
172
405
355
269
299
446
117
4
439
482
3
23
211
422
239
460
312
351
144
340
175
376
172
92
264
143
150
293
161
107
246
459
256
164
352
283
250
160
86
274
353
186
466
151
352
258
112
368
273
152
384
363
383
290
27
305
203
258
330
36
312
4
248
418
219
98
107
45
264
74
5
413
446
200
387
33
452
235
325
454
222
249
406
95
431
231
161
467
49
95
70
392
370
194
170
334
214
149
6
