29
501
135
80
348
455
148
262
481
496
500
325
377
77
130
283
268
363
296
365
424
120
319
178
486
85
450
227
231
206
212
316
384
1
381
305
168
57
171
473
466
227
293
296
228
296
67
119
160
74
109
204
138
406
263
110
185
278
259
233
410
219
348
61
437
230
196
0
430
442
328
487
299
38
42
257
437
46
491
36
249
320
495
155
123
407
61
143
51
9
311
7
271
254
323
314
372
275
206
34
327
103
493
85
466
243
330
153
339
373
332
196
228
448
344
314
101
396
100
17
38
491
451
237
489
214
256
200
269
47
463
135
472
308
90
28
227
278
84
293
391
412
228
426
380
293
399
197
486
368
241
188
480
265
431
191
50
467
229
19
497
110
165
265
347
308
188
313
433
149
36
321
92
425
240
150
11
169
107
60
11
430
192
495
9
322
142
333
77
211
427
370
410
455
482
107
49
79
442
365
213
204
505
155
132
154
89
14
181
121
482
35
63
402
141
233
299
289
498
486
54
233
333
154
79
13
465
503
319
370
40
96
173
111
137
200
153
214
124
174
126
454
277
146
371
372
395
406
152
229
340
394
211
22
287
340
352
369
408
319
497
495
229
323
363
310
180
207
50
341
423
477
106
219
299
269
265
106
146
104
196
462
46
29
185
271
155
201
94
187
288
314
263
254
172
47
424
170
342
254
354
369
458
314
129
421
199
31
0
210
67
273
444
417
260
229
59
502
97
262
162
175
181
353
391
244
255
263
243
132
50
364
417
8
295
366
145
388
319
306
421
34
87
396
155
263
179
56
96
35
505
146
216
494
288
399
333
13
197
14
70
207
74
298
167
70
44
130
14
80
67
456
109
352
392
280
401
392
87
332
322
384
256
171
503
387
330
368
367
104
384
55
437
465
12
441
275
234
507
426
492
258
344
66
266
91
83
227
294
389
370
280
457
162
453
481
158
407
462
348
194
335
325
110
507
456
281
485
183
33
501
287
475
440
316
322
295
323
315
457
201
314
254
36
101
18
343
218
436
361
422
218
44
374
475
361
432
388
407
93
355
92
100
14
451
41
247
113
204
206
337
386
365
365
166
261
505
53
487
329
274
46
273
406
67
119
174
323
472
321
432
335
433
438
68
321
347
270
334
212
410
96
64
298
404
138
404
131
116
311
120
460
461
50
133
190
473
132
440
94
317
504
20
160
283
79
381
21
72
164
426
474
11
41
216
473
35
122
280
37
99
264
2
251
396
446
110
156
123
167
128
394
494
191
9
185
295
262
179
50
348
88
48
51
72
158
214
220
496
448
138
476
188
262
262
463
21
72
179
343
76
456
18
54
286
21
3
482
289
151
167
220
138
271
35
15
312
348
373
160
436
123
355
232
242
46
471
360
29
327
395
1
343
145
32
40
95
251
327
213
442
105
309
44
122
393
380
334
122
160
169
32
186
324
21
176
323
399
226
52
364
479
12
263
109
450
238
35
134
289
265
492
163
324
409
467
469
297
444
304
447
170
163
505
365
366
178
195
450
39
54
0
22
12
15
402
442
114
37
295
204
184
146
356
277
213
326
143
449
0
246
49
188
285
213
113
364
329
224
282
454
6
167
251
328
355
146
7
71
140
305
262
433
308
440
370
124
196
291
197
412
258
60
88
37
15
59
74
384
356
178
190
474
109
12
252
156
196
97
473
41
276
89
316
471
424
485
459
307
362
435
423
350
478
306
408
249
0
79
232
36
374
54
227
444
286
22
202
37
428
487
88
174
300
395
264
335
474
221
266
507
82
428
126
504
141
75
319
291
364
20
448
117
173
146
384
178
116
135
507
15
271
49
182
138
61
212
148
249
406
188
264
62
388
41
98
276
423
55
164
38
448
178
370
263
40
288
430
464
292
238
482
303
196
505
439
331
234
8
288
120
70
57
329
131
31
172
299
419
144
493
238
139
410
272
268
234
73
204
382
359
396
394
229
279
128
359
134
139
188
488
84
248
425
350
36
23
194
368
384
122
24
493
166
215
108
41
34
443
116
414
202
387
383
490
328
412
153
77
275
392
216
219
488
485
364
272
60
0
500
266
82
71
339
455
21
472
242
454
66
270
437
147
274
272
255
392
459
142
411
158
115
27
284
442
260
31
321
293
283
451
110
323
259
307
319
233
4
319
279
152
303
411
50
487
408
406
462
7
380
450
21
316
249
412
62
199
285
345
301
177
119
383
62
39
458
283
50
87
197
484
163
118
180
143
404
209
423
466
215
9
139
208
57
410
236
503
66
392
178
398
14
170
37
