49
872
317
170
231
93
227
20
60
130
222
408
368
103
188
262
352
311
451
80
349
227
464
370
315
106
35
77
495
143
116
18
432
281
498
301
378
157
171
128
181
368
7
490
244
345
149
25
262
3
179
65
171
15
280
367
300
281
484
363
280
142
417
178
351
51
190
279
69
183
385
486
435
0
319
373
303
473
344
23
455
299
35
160
316
447
383
375
272
473
34
220
207
131
241
201
331
464
44
420
372
371
382
55
294
255
420
390
103
241
19
177
148
277
377
483
400
469
0
348
381
12
395
506
298
254
115
475
73
257
293
113
438
265
461
264
81
490
429
292
92
156
239
315
376
492
105
288
158
388
442
41
268
52
324
47
277
56
390
186
309
499
42
108
488
375
82
116
340
16
352
199
320
20
365
157
52
413
66
123
383
119
231
246
270
109
454
434
325
151
70
357
165
172
118
192
278
100
476
440
69
337
205
376
158
463
390
426
90
229
28
232
81
159
484
127
139
81
310
110
404
403
295
6
273
510
65
477
27
67
277
399
455
170
309
249
455
443
135
111
35
371
411
491
410
247
136
476
240
494
390
403
135
90
42
482
90
50
127
154
317
430
345
87
24
462
469
414
18
352
106
121
377
447
484
190
480
284
191
37
79
52
107
233
217
418
196
442
418
32
6
319
491
172
452
424
496
367
86
208
379
163
141
384
71
86
137
495
86
261
270
202
225
432
260
294
455
372
194
399
455
124
152
360
419
243
272
129
286
284
71
342
152
183
334
81
304
226
487
192
440
86
95
192
237
462
181
16
133
273
470
295
64
260
425
207
196
81
120
446
399
224
508
435
236
493
447
257
266
406
233
132
335
320
386
258
424
400
91
507
453
498
360
242
322
161
163
346
216
400
428
354
140
371
457
458
434
410
247
12
279
162
144
308
97
67
509
140
453
452
511
26
402
157
458
428
382
492
419
447
290
418
217
482
495
24
376
40
448
142
370
61
365
304
469
468
417
318
116
380
126
349
302
487
2
346
379
62
31
37
475
286
144
367
245
126
398
249
354
142
452
97
442
374
139
487
442
80
261
306
455
104
473
196
7
498
74
473
136
438
119
134
265
267
407
165
135
328
256
418
378
328
233
113
280
508
465
441
444
0
106
162
180
317
351
432
61
143
195
94
343
195
357
201
352
297
192
253
301
506
137
80
145
411
332
435
317
430
61
281
370
493
284
206
333
210
98
195
409
41
294
311
150
391
5
199
276
319
88
247
112
175
209
215
99
201
123
292
178
364
457
484
300
317
212
421
421
52
44
2
432
475
59
352
184
253
435
296
112
63
371
43
132
277
65
255
165
143
224
35
350
485
360
128
310
320
178
140
132
235
124
481
390
176
74
489
99
319
49
320
456
263
435
276
314
16
51
89
161
333
144
296
409
94
75
333
373
471
309
245
357
118
407
303
223
378
372
374
99
125
74
231
460
129
327
204
64
98
415
196
184
276
349
300
464
327
131
70
475
492
117
333
231
266
119
163
120
94
186
404
376
308
170
38
444
30
345
169
207
53
150
176
441
258
409
184
91
461
371
225
147
105
298
440
207
273
160
97
195
109
73
429
28
369
495
296
260
459
511
55
300
128
371
502
182
339
215
224
69
290
390
282
208
32
351
54
310
168
296
474
310
71
355
379
178
394
239
509
246
77
39
163
339
145
366
321
128
415
323
7
466
452
475
304
109
473
426
335
105
105
355
136
372
86
39
455
482
15
463
398
146
247
288
107
236
155
244
344
327
445
170
149
29
75
3
306
450
242
205
396
128
319
304
5
495
315
377
491
249
282
99
332
141
94
469
488
455
24
234
19
202
435
100
63
381
241
299
128
255
108
80
361
179
341
404
281
15
472
492
204
9
134
222
308
192
18
325
428
424
416
326
238
275
4
129
33
4
430
393
389
202
475
345
104
281
386
227
437
314
493
168
126
421
444
282
194
27
449
475
225
83
313
306
327
30
107
409
443
97
243
320
329
215
397
293
435
184
27
393
411
126
240
286
114
64
5
440
304
428
74
310
331
118
105
331
108
83
9
105
59
383
166
469
444
187
396
134
458
310
32
241
158
70
121
500
170
26
272
114
157
131
243
511
116
243
293
437
217
397
112
474
227
301
326
96
198
59
219
214
343
190
276
32
5
93
301
184
283
146
245
508
115
365
88
420
140
290
152
441
303
387
248
499
470
204
209
213
24
331
509
26
176
301
317
263
239
44
48
145
511
440
501
399
281
387
301
443
411
466
165
384
105
204
178
473
246
77
247
222
201
254
151
49
460
347
170
509
141
29
410
290
448
214
330
345
14
100
247
273
388
142
366
356
132
379
49
467
15
269
190
259
162
172
337
170
192
392
91
166
213
451
395
246
222
497
84
411
20
409
21
500
306
235
299
329
271
192
337
163
181
225
406
164
504
51
385
471
479
165
118
102
61
15
25
392
245
338
43
136
51
277
130
300
482
311
74
93
270
348
68
162
20
369
170
423
45
502
288
165
192
218
338
17
363
202
28
345
364
83
272
103
470
326
145
458
60
14
367
348
482
462
308
239
268
51
208
41
349
244
184
67
353
186
394
495
365
24
182
193
149
338
444
49
456
376
192
67
472
209
216
481
333
293
463
197
244
387
137
508
88
88
356
487
273
52
428
206
123
484
396
147
456
113
395
47
419
40
10
58
254
480
130
454
508
113
375
418
332
34
460
314
405
92
339
160
330
288
291
270
175
308
373
510
210
361
311
25
241
178
219
151
255
361
119
439
104
4
504
8
469
317
202
474
466
260
249
314
312
228
328
366
216
240
465
96
50
252
139
51
433
40
380
312
474
432
200
357
39
217
399
363
465
47
203
36
106
32
179
481
357
272
452
266
97
144
334
129
249
428
87
490
153
154
79
360
455
490
331
364
69
74
250
251
0
454
384
447
44
486
371
496
385
493
375
329
358
343
139
447
79
222
51
153
343
161
271
371
245
178
349
199
286
64
442
133
187
348
85
98
274
179
350
339
1
158
190
150
497
243
169
340
271
0
423
114
96
368
160
273
165
278
233
234
45
221
246
151
152
360
34
433
202
316
243
398
426
459
45
452
109
259
133
16
128
412
482
214
111
214
209
365
189
280
78
216
434
221
488
176
352
295
188
175
299
24
333
318
397
458
214
289
335
45
205
443
422
61
85
498
504
10
392
8
82
321
463
470
437
175
307
330
338
437
310
352
16
402
3
221
387
163
7
173
66
427
247
258
494
405
84
467
26
342
492
219
262
102
171
82
189
69
409
390
318
452
488
254
386
495
89
5
32
217
511
278
143
143
503
54
432
263
145
240
77
185
89
442
432
206
484
81
271
314
46
100
214
396
32
101
473
398
233
132
260
486
177
340
124
74
118
229
459
33
215
497
238
224
480
330
205
59
0
245
462
423
131
361
22
505
449
142
391
63
55
206
46
176
183
298
304
274
283
250
194
23
102
302
382
445
67
85
270
421
438
424
93
75
165
452
268
300
85
187
442
231
276
470
125
455
5
420
142
462
149
502
37
158
304
158
170
483
25
376
281
253
81
295
97
505
491
92
150
458
180
17
254
278
170
260
245
498
179
366
443
498
492
2
406
274
151
218
159
9
395
62
86
81
320
394
450
100
192
264
463
83
284
402
314
329
188
394
312
138
126
197
1
121
420
103
423
86
173
440
294
84
195
311
425
439
206
472
278
463
122
480
88
71
213
453
500
229
477
370
409
140
212
498
400
241
52
378
91
353
464
280
343
332
148
3
380
254
302
498
143
96
311
418
388
143
314
92
90
313
227
228
89
216
477
369
194
131
397
475
302
157
30
488
46
75
245
471
129
250
99
164
511
412
129
354
300
19
52
46
226
3
465
382
456
361
24
136
96
484
31
175
156
227
448
161
254
3
44
19
488
216
99
86
260
90
395
401
483
446
389
408
18
