11
297
219
230
131
431
409
468
55
402
301
153
465
274
327
400
196
363
5
104
332
499
136
133
475
357
41
133
499
230
314
103
128
494
8
394
327
164
302
251
139
57
111
350
265
44
219
16
269
95
360
359
213
467
104
3
135
87
410
265
31
388
265
30
156
385
206
47
82
352
42
175
39
230
424
398
344
296
301
310
354
351
141
253
458
431
26
256
152
453
499
107
108
118
38
143
380
361
435
139
163
441
223
70
259
121
418
485
318
250
96
18
330
160
476
25
162
355
167
475
230
273
60
253
221
338
268
187
242
377
36
344
451
493
48
300
382
313
186
194
414
187
184
129
96
89
65
252
316
159
10
77
66
191
175
452
367
27
27
373
263
432
101
447
435
155
444
70
131
331
92
230
415
503
306
122
292
136
477
224
9
292
93
341
374
10
496
181
28
211
187
57
281
43
352
153
295
442
147
43
85
486
211
310
487
465
501
52
81
340
39
79
144
205
338
505
255
439
31
213
206
38
244
68
121
489
28
59
136
63
227
384
475
335
278
242
130
482
308
494
46
498
492
317
98
80
322
451
447
115
70
490
342
218
203
288
35
77
360
279
405
368
123
37
34
493
35
266
507
471
68
25
86
57
276
459
122
271
330
317
263
335
144
191
188
486
369
169
331
359
229
14
320
98
506
402
119
95
294
510
304
391
234
181
148
384
308
243
353
108
334
94
251
445
32
120
231
284
19
126
212
39
500
378
303
307
219
362
268
403
135
286
77
202
68
113
496
267
74
203
288
450
190
204
182
105
180
441
426
102
11
210
409
94
505
155
247
303
188
312
506
447
499
332
192
262
32
152
55
283
253
260
155
427
345
361
349
105
418
225
446
390
392
479
427
452
486
358
361
171
134
481
412
212
463
340
441
110
312
394
327
107
472
509
411
132
347
152
349
223
363
434
324
157
110
402
398
362
447
59
210
478
37
330
341
231
256
41
312
235
93
303
298
389
177
383
186
443
261
27
249
80
77
377
136
77
387
449
301
165
132
413
471
420
117
179
146
319
10
44
482
221
394
82
153
18
121
69
489
243
92
207
290
374
140
110
354
230
189
152
283
193
433
145
303
104
256
197
256
60
11
318
66
263
117
274
63
238
90
454
223
510
410
155
192
481
173
365
237
214
404
272
200
459
402
455
440
322
485
202
3
212
183
411
429
247
365
236
42
500
489
357
235
261
215
298
375
236
130
95
460
27
396
222
190
100
151
439
44
32
343
449
272
346
511
260
6
239
288
91
27
395
307
0
188
284
63
132
134
358
68
268
22
373
144
200
150
19
344
504
0
318
275
343
353
451
34
73
361
176
364
195
238
94
26
27
