15
404
433
360
375
355
340
42
461
336
190
83
491
255
65
37
79
401
257
178
216
496
160
266
391
198
258
15
381
216
250
441
433
188
389
100
327
432
406
496
507
250
61
265
268
451
264
226
327
219
352
465
376
265
336
178
166
75
88
326
264
296
126
398
297
54
253
340
99
396
81
11
370
333
274
407
153
245
390
93
136
56
45
87
477
199
450
132
80
354
67
495
294
500
491
357
348
212
239
94
111
247
27
123
430
119
47
341
174
251
323
8
430
280
72
456
181
366
277
50
325
190
429
435
386
196
312
109
166
125
472
411
315
504
76
245
131
52
304
343
505
242
506
381
356
48
65
50
230
33
120
216
462
373
345
493
448
8
225
360
417
300
422
488
425
473
378
136
456
127
150
368
319
235
37
270
505
243
501
64
493
50
111
420
264
302
97
126
104
416
501
224
503
322
161
304
285
464
433
224
334
301
137
438
273
441
472
264
38
266
486
411
291
347
391
342
240
343
140
165
371
250
162
255
34
98
266
9
358
133
301
471
13
507
136
1
138
345
281
153
90
329
483
69
38
249
303
60
495
55
6
442
375
51
225
315
367
311
95
461
52
382
495
395
472
228
188
234
294
211
332
448
12
417
153
219
469
441
132
175
93
364
390
171
109
277
90
14
12
354
182
51
416
191
402
377
330
38
134
489
134
204
163
470
391
285
488
228
368
229
419
68
365
148
439
63
15
193
13
339
444
412
386
434
449
383
91
411
433
288
118
153
67
366
107
293
83
169
275
438
63
249
217
235
22
245
75
117
302
337
41
409
505
75
227
182
161
316
81
458
7
363
499
127
130
203
297
52
40
422
101
429
147
302
344
143
102
198
470
420
254
236
329
8
289
487
293
32
464
265
165
98
227
179
314
127
230
465
157
21
206
331
491
113
359
354
397
115
439
114
166
189
403
380
35
461
103
121
292
202
22
78
31
457
242
40
321
503
120
196
71
345
312
210
383
404
422
476
365
4
79
264
323
363
138
223
198
363
237
491
81
371
295
406
336
309
367
462
401
402
456
146
347
240
159
417
234
504
43
338
496
458
451
199
467
77
287
419
410
145
431
235
465
348
70
395
134
95
226
429
180
254
137
123
115
280
465
241
422
452
38
242
422
85
224
318
253
200
16
412
445
227
378
55
412
377
56
401
122
434
0
385
298
357
234
387
99
475
398
85
204
166
262
153
317
354
66
105
504
192
185
438
40
32
158
41
211
57
244
359
497
70
377
181
221
426
110
153
97
2
421
203
342
44
76
299
30
378
439
157
262
101
408
489
503
30
498
492
53
358
382
285
146
419
13
406
84
502
403
50
469
422
199
86
487
64
369
197
50
473
236
238
416
153
502
54
150
173
151
469
188
276
88
452
48
205
469
144
236
238
131
287
403
451
302
7
11
87
140
410
94
378
375
2
268
384
445
2
375
117
197
414
137
231
48
292
261
437
485
379
124
483
109
320
287
180
142
198
213
469
222
491
509
240
201
32
316
205
208
448
455
401
85
188
443
269
213
460
472
107
194
80
151
107
489
401
503
82
93
254
99
283
417
244
197
452
455
304
91
283
202
225
16
414
323
439
498
161
481
319
142
119
505
436
226
249
307
31
409
504
247
37
429
427
388
441
388
68
15
325
471
24
373
339
129
407
255
450
345
55
395
94
441
327
240
400
350
327
426
157
411
425
70
40
313
411
242
469
230
112
262
444
349
507
312
255
233
224
239
252
485
224
67
146
255
460
92
319
500
337
354
49
466
248
88
424
207
61
275
267
13
117
113
294
111
165
272
328
404
444
180
511
69
462
258
110
143
450
53
18
