76
872
267
265
10
44
60
324
25
165
496
415
122
373
170
357
482
107
260
493
465
253
45
70
476
502
317
497
457
118
120
34
357
100
221
477
412
203
206
511
439
38
182
114
461
334
498
232
66
155
277
400
496
162
403
42
366
134
163
129
320
12
243
324
48
510
99
37
66
236
453
116
318
504
462
90
348
446
368
56
294
391
72
407
265
3
101
334
262
429
351
311
344
243
411
281
60
394
16
62
161
45
82
422
178
503
271
239
143
251
471
101
454
213
333
383
205
31
155
240
511
159
268
90
136
414
364
415
184
44
321
249
325
293
98
79
295
368
473
2
225
206
36
325
138
121
110
47
283
348
26
67
195
47
241
38
388
461
388
162
401
510
29
171
373
403
38
243
139
131
219
455
149
341
125
276
438
42
354
389
191
83
180
422
110
454
394
459
1
57
78
269
271
103
150
173
263
113
282
468
296
117
376
293
279
241
38
114
114
223
155
133
421
473
333
42
147
465
256
136
53
146
336
274
367
328
474
425
402
8
237
454
364
282
323
501
94
90
112
236
33
44
376
445
62
14
89
422
24
22
195
281
230
446
426
280
406
13
486
134
308
59
209
486
436
126
114
351
385
382
186
211
254
343
37
275
153
128
267
404
383
145
123
166
212
423
509
300
243
292
391
110
374
282
176
311
107
456
92
481
218
70
155
123
166
453
370
460
442
37
406
131
380
334
285
400
230
132
240
504
435
357
202
500
72
213
410
241
274
382
35
504
476
377
70
23
42
156
279
404
236
223
411
191
227
493
305
176
337
323
99
383
347
487
210
481
273
497
239
385
408
419
44
75
108
504
17
392
245
349
15
21
203
338
53
121
194
77
44
261
400
386
489
284
389
439
236
98
98
179
255
138
251
222
11
250
33
329
200
277
467
382
242
128
2
335
511
319
77
449
492
330
400
508
233
507
327
351
37
346
253
10
136
257
368
230
31
190
178
32
489
110
228
164
36
272
401
386
474
338
363
113
158
169
218
255
35
317
366
21
240
506
395
42
280
298
491
328
266
330
45
94
496
470
244
489
454
499
298
153
469
331
262
405
368
359
34
465
445
345
339
53
367
68
173
191
480
82
278
439
159
46
310
496
19
236
369
345
409
99
438
483
229
414
175
496
155
335
271
63
344
63
231
197
403
351
351
500
79
400
213
209
106
21
20
246
389
389
410
363
95
499
438
83
69
357
391
459
291
175
119
123
468
66
403
85
275
238
101
280
86
499
182
172
368
121
98
33
114
292
290
8
112
90
351
164
490
272
15
214
108
257
271
481
118
327
54
382
338
507
319
59
476
140
174
221
500
117
261
495
404
348
267
354
352
216
237
488
488
267
241
349
373
214
504
18
226
333
201
254
409
146
264
495
165
229
98
430
503
376
499
309
260
381
130
15
399
114
376
409
400
255
199
403
249
14
476
298
110
3
408
298
7
115
178
406
375
505
402
132
208
204
404
5
68
50
138
14
111
310
388
434
511
304
362
507
400
82
86
508
493
39
220
424
5
454
150
321
122
13
35
139
81
291
91
362
449
155
430
194
39
359
185
401
215
234
363
373
461
68
119
118
81
438
496
199
166
215
386
219
15
396
385
162
260
452
130
317
488
334
158
428
190
245
497
165
397
75
103
157
18
292
52
391
4
144
25
131
285
117
206
152
162
230
381
370
235
206
453
407
498
267
37
317
105
61
102
221
394
167
406
380
303
225
467
220
186
493
170
453
125
472
113
56
81
246
279
511
493
133
426
196
266
107
71
404
19
84
378
29
103
309
82
351
268
504
225
163
121
308
448
66
219
114
149
273
83
427
47
205
270
453
376
69
262
377
409
236
478
218
504
361
332
332
290
493
152
273
6
378
168
88
464
30
50
200
377
294
511
493
304
243
216
218
363
167
136
144
504
297
497
501
298
181
274
150
407
114
78
276
151
359
378
169
300
231
234
489
236
272
19
511
315
17
283
428
345
442
253
497
223
348
430
27
244
409
59
169
403
301
116
20
131
474
377
417
75
219
194
3
389
157
247
296
21
125
148
465
187
222
323
486
423
414
281
215
5
86
217
309
122
343
264
287
41
137
232
137
450
308
386
505
364
250
100
174
240
168
352
290
471
462
5
385
248
156
365
165
290
451
119
172
170
132
261
350
326
166
64
507
281
419
349
460
489
490
284
15
383
126
33
391
275
41
485
391
478
142
249
447
294
370
446
478
196
316
251
221
33
425
437
77
152
355
388
316
463
209
299
77
174
394
33
162
205
215
262
296
6
468
472
439
488
343
360
328
242
433
383
198
469
258
152
367
361
249
104
176
55
34
23
279
85
285
180
203
326
398
221
120
118
253
243
392
377
370
412
174
74
18
62
382
86
56
28
270
351
406
364
257
174
210
341
480
356
21
141
244
376
304
346
226
413
32
357
48
354
455
3
126
128
79
271
473
352
327
76
170
394
416
132
413
282
137
343
198
212
465
95
143
412
435
76
22
40
435
298
442
22
217
414
236
362
313
362
499
77
38
216
421
236
436
369
149
106
148
426
341
212
250
306
57
293
324
309
271
293
52
52
200
107
446
300
18
136
120
31
33
65
193
56
229
452
276
446
392
145
153
55
472
301
390
132
10
168
355
113
247
409
85
418
53
350
451
177
269
100
307
236
474
70
138
158
353
281
473
21
221
443
172
508
188
347
442
162
12
438
468
475
280
501
240
262
264
39
239
322
273
353
449
313
407
120
41
295
138
40
415
506
15
199
97
53
400
187
371
438
394
336
413
422
354
46
226
103
15
238
49
310
430
424
307
372
6
175
13
183
225
184
398
474
366
320
417
456
233
301
388
168
58
297
440
163
131
385
179
186
167
220
387
348
13
407
493
228
218
364
19
268
465
274
479
54
227
235
466
130
253
88
381
362
264
329
263
277
372
107
418
508
328
451
435
494
132
291
174
202
397
100
442
109
357
485
486
306
96
333
259
430
33
296
41
382
350
137
157
262
374
190
508
193
321
380
49
409
244
272
28
389
336
461
348
24
38
161
36
321
156
377
436
128
55
448
225
191
6
237
372
54
219
326
347
73
503
430
388
413
384
467
25
84
346
330
319
465
347
385
441
312
441
427
166
179
286
334
323
134
476
177
87
203
88
188
248
466
289
346
138
370
69
114
133
403
61
432
286
504
105
129
164
63
502
55
409
225
207
212
109
130
503
86
466
462
403
20
2
206
391
383
269
252
294
77
155
164
389
364
191
78
157
133
412
386
197
161
183
430
462
378
116
277
202
61
502
266
236
419
468
295
174
32
218
439
389
431
131
304
506
133
106
451
355
262
257
327
228
366
259
45
170
35
385
69
67
495
245
72
439
244
340
45
394
293
103
372
477
411
291
186
376
45
467
374
344
274
295
229
238
482
364
393
93
505
139
407
448
397
2
218
258
426
374
414
357
72
504
57
501
140
255
321
144
483
402
452
284
113
269
48
315
183
33
265
340
188
248
232
398
122
78
102
237
406
92
434
426
334
175
25
11
194
453
81
184
221
223
273
250
210
73
475
102
204
226
116
110
58
192
86
451
349
364
52
434
506
501
335
414
223
119
489
246
345
241
362
351
120
86
71
347
314
107
88
262
446
12
90
101
18
439
231
87
390
132
392
280
44
202
121
511
212
403
62
391
55
171
446
241
289
466
146
181
121
215
252
114
354
158
426
306
70
460
305
456
6
188
381
113
352
132
324
374
47
313
125
80
342
123
456
48
262
379
194
105
229
112
382
302
9
301
107
145
486
293
442
93
193
101
5
321
105
148
445
113
500
271
497
485
185
330
394
171
428
511
435
90
437
133
118
451
67
334
486
462
491
303
279
295
80
252
474
125
372
133
138
109
55
261
11
496
6
266
122
500
141
473
18
421
449
202
350
307
54
69
54
392
336
292
464
496
300
326
138
425
141
489
