16
160
172
337
454
443
196
268
350
81
346
185
46
429
279
65
424
191
408
371
59
18
328
76
80
208
457
370
325
391
102
87
9
293
367
86
418
56
264
288
443
456
16
17
52
182
185
418
307
194
505
92
235
461
298
225
3
261
75
385
91
221
142
11
173
322
497
168
498
359
14
147
243
505
3
433
452
10
284
299
338
14
360
387
155
59
115
12
77
183
35
113
75
277
245
371
363
120
45
231
374
93
336
313
257
427
31
238
327
13
9
366
81
219
51
403
37
168
367
355
138
170
20
405
468
469
422
436
247
408
107
500
420
210
321
186
277
351
350
481
339
410
221
43
114
243
157
213
73
89
391
221
35
12
169
433
489
487
367
82
208
134
105
292
175
321
216
2
59
81
453
110
467
292
0
370
80
18
379
472
402
464
163
135
286
317
462
0
452
68
69
266
353
8
341
113
6
450
470
42
447
403
145
464
434
502
112
433
165
262
93
257
63
446
508
11
473
263
408
69
478
257
81
194
116
387
79
461
333
324
124
497
71
476
283
281
489
340
29
255
477
238
65
296
39
256
211
385
313
150
303
297
100
94
362
390
463
425
391
167
46
435
65
272
61
511
102
278
53
50
135
10
231
51
461
264
215
15
486
148
309
431
441
233
352
439
332
171
21
241
285
61
489
30
461
115
52
229
51
433
370
38
208
16
208
23
216
323
232
38
94
474
346
322
89
179
62
294
209
467
237
75
