65
687
480
464
322
327
367
399
46
258
508
345
27
23
257
411
433
319
358
273
320
337
23
125
335
248
437
239
113
509
262
390
402
254
472
61
216
143
180
296
257
503
124
439
210
279
255
198
209
114
107
234
0
118
170
313
228
28
207
397
355
208
396
487
244
399
146
12
263
239
70
171
293
437
378
480
148
50
187
338
203
444
294
112
409
393
109
375
419
205
430
119
440
509
58
82
89
220
5
335
407
140
127
222
480
112
124
180
340
84
46
236
89
410
98
16
328
287
112
464
64
6
479
43
496
174
161
177
174
13
87
342
305
414
504
365
401
266
266
175
3
374
132
55
422
455
39
30
305
300
298
465
507
81
232
330
363
130
466
241
155
414
34
274
243
18
492
153
389
391
208
143
41
331
363
328
174
418
3
93
2
84
417
492
5
236
12
93
510
256
165
292
78
32
72
164
15
326
292
204
269
91
73
470
414
62
121
141
414
430
28
420
417
91
180
182
311
135
395
137
458
22
157
402
132
297
207
475
431
439
170
408
160
198
167
317
289
67
29
212
359
397
100
45
140
293
145
304
27
310
339
193
461
68
511
223
225
282
296
212
380
58
363
326
369
84
138
267
22
419
442
338
142
160
399
150
136
452
206
138
472
20
422
112
471
11
468
199
295
480
178
187
455
219
61
186
467
508
219
111
233
458
493
322
223
35
132
436
290
370
410
167
153
66
176
261
405
297
228
34
505
497
136
36
296
306
165
132
265
343
81
497
274
255
247
78
422
189
217
82
374
317
497
200
380
473
121
393
290
400
75
395
288
131
344
306
243
128
164
266
168
100
358
44
375
398
47
202
304
11
386
23
263
255
434
194
493
423
189
80
105
487
304
231
491
362
273
233
396
347
271
357
393
439
175
3
339
294
183
246
58
175
112
168
86
72
92
437
56
448
367
427
333
319
253
350
423
172
349
440
79
184
276
181
291
137
425
93
421
244
387
40
331
342
501
489
97
329
53
331
296
235
28
121
42
203
45
367
218
209
376
353
492
467
396
499
320
413
283
336
293
211
335
493
135
498
487
336
460
494
45
392
461
55
470
412
487
355
124
446
401
239
283
422
217
226
329
231
459
490
265
250
425
128
24
253
330
213
83
492
387
179
196
165
181
236
368
190
370
392
304
22
59
440
229
79
375
416
172
477
500
356
349
340
379
273
374
383
369
282
138
109
254
255
259
478
51
150
366
138
482
48
145
136
120
295
327
494
52
229
221
440
437
127
22
373
476
321
13
63
56
238
424
434
75
11
23
224
368
384
268
59
230
195
54
418
82
407
307
348
122
185
458
451
462
208
467
143
492
177
352
132
220
233
162
358
300
440
52
238
325
26
53
122
490
382
164
233
169
110
42
468
310
341
127
94
242
147
320
253
55
171
343
229
138
486
396
61
170
8
42
493
35
62
9
9
468
407
169
381
367
461
3
492
393
125
234
36
319
69
502
265
411
362
25
381
216
173
23
359
492
352
435
19
462
362
242
119
168
62
0
174
88
487
0
437
204
397
2
497
271
462
439
278
232
99
344
92
27
277
44
241
83
70
398
235
355
335
164
337
107
388
241
339
11
501
234
405
364
8
419
18
461
110
188
159
170
238
124
80
23
312
392
352
57
228
231
493
106
288
48
424
183
481
38
355
395
35
77
342
319
311
460
22
496
333
266
279
464
326
395
202
265
150
290
70
476
429
166
10
127
414
68
201
343
218
437
457
98
235
391
34
178
349
202
470
95
404
187
451
339
282
204
360
358
241
275
294
483
259
432
222
181
345
164
440
164
191
245
275
160
181
488
221
265
179
61
314
220
323
475
495
162
305
87
349
488
123
289
9
7
506
351
255
284
448
304
43
7
330
52
453
162
85
192
175
304
352
503
490
279
176
369
50
507
320
5
306
386
484
261
259
171
53
86
372
247
29
278
488
266
138
446
324
179
358
499
7
482
143
216
91
74
229
126
314
323
12
113
297
352
422
222
388
67
300
495
341
480
439
81
510
350
282
106
24
220
42
16
435
376
426
218
410
353
461
74
395
416
225
152
361
71
140
215
280
334
373
188
303
303
3
385
487
42
342
281
403
266
143
475
288
274
423
120
418
256
10
128
288
215
409
442
246
63
46
208
466
111
364
435
473
54
215
183
502
358
53
155
98
48
405
179
412
477
24
58
279
403
265
308
78
234
137
233
31
365
494
76
373
294
94
15
364
216
276
46
280
48
115
68
46
462
213
148
24
315
59
62
69
57
300
436
76
401
335
86
376
192
111
385
164
332
501
121
95
403
356
28
315
57
312
213
64
199
38
296
119
445
205
290
317
5
63
128
327
147
95
243
447
100
118
250
217
252
133
149
20
378
161
246
235
183
355
136
487
447
329
286
245
384
197
98
278
260
86
474
418
276
362
344
85
461
327
451
17
122
181
219
138
6
200
246
413
195
461
301
486
317
110
338
87
112
297
457
479
42
296
342
250
488
395
354
205
146
165
215
194
315
318
61
473
119
167
252
445
345
188
21
501
496
374
148
447
413
156
430
63
259
478
233
183
17
70
430
100
302
9
399
369
182
412
339
137
129
391
65
202
201
234
190
98
327
221
317
448
65
335
448
503
150
50
388
302
498
387
347
388
487
229
219
54
433
439
270
441
443
161
85
189
405
368
497
131
422
22
211
224
173
24
394
131
460
352
240
19
501
264
486
168
301
179
150
220
199
59
380
70
490
509
88
336
436
393
362
110
127
34
89
323
250
151
55
112
302
6
74
24
236
53
422
390
408
282
256
142
373
179
80
36
54
40
270
357
140
275
213
400
74
286
497
387
435
24
276
36
365
450
401
444
395
456
372
112
254
439
67
197
22
97
121
373
295
124
200
12
457
347
340
435
476
316
22
140
278
434
331
18
343
314
17
147
344
352
454
436
363
248
62
451
344
203
368
502
76
389
322
246
119
26
425
406
315
247
158
35
33
139
334
20
118
482
386
200
138
41
99
256
255
367
147
271
195
382
433
176
84
143
330
235
487
362
338
259
484
409
174
418
9
454
494
298
120
510
98
58
340
182
42
484
393
350
364
55
209
258
251
497
372
232
493
371
400
270
457
67
