19
219
425
455
124
289
297
208
371
20
480
121
385
449
31
351
441
360
64
479
166
36
236
295
77
190
153
88
147
270
320
143
335
245
238
160
241
199
14
387
429
249
445
192
124
171
371
386
254
128
225
255
349
94
210
423
139
506
43
49
341
30
83
395
220
428
366
0
441
152
25
289
305
5
447
323
57
174
487
457
438
300
169
428
313
147
318
126
263
339
429
125
164
450
146
56
330
305
129
482
301
349
499
121
322
212
138
328
167
375
487
456
330
511
77
355
195
404
12
227
436
144
100
473
475
167
303
487
162
137
283
439
132
132
127
261
421
54
98
144
32
29
446
302
362
10
234
220
2
303
457
228
284
317
273
358
400
161
241
212
420
225
118
266
471
423
12
390
149
470
304
226
502
340
118
390
242
18
496
165
399
307
183
103
333
283
314
307
372
166
402
190
193
368
255
380
315
372
344
357
417
421
449
46
89
328
176
486
184
485
182
355
498
387
190
396
379
13
53
473
473
387
98
151
301
50
291
136
87
321
401
72
45
447
17
105
388
89
21
352
396
279
360
492
32
217
381
360
383
159
230
214
45
462
183
22
51
367
429
413
361
58
66
270
44
289
71
33
376
454
2
287
197
292
312
216
158
172
41
86
106
345
44
265
506
234
416
108
403
70
418
186
60
56
337
343
334
234
408
354
441
366
93
40
327
22
127
246
364
29
137
173
497
316
378
315
394
448
16
298
35
330
11
373
310
294
35
6
181
335
222
223
180
382
58
150
63
42
131
304
42
463
107
198
342
443
346
85
433
209
131
44
86
508
409
194
13
124
361
456
295
359
420
412
104
192
44
31
280
460
59
145
7
475
447
329
486
63
269
126
384
155
181
184
33
224
329
244
446
470
145
141
40
430
2
388
193
195
405
421
467
320
330
178
438
197
429
326
250
83
237
262
440
216
397
403
188
341
511
406
400
506
44
499
483
371
74
221
301
31
347
97
24
381
60
245
503
483
248
241
