12
134
306
25
432
410
214
337
437
134
179
263
469
25
442
98
385
463
142
425
339
236
318
136
37
172
333
320
331
63
136
107
91
313
433
126
239
152
496
428
40
433
111
144
230
97
505
145
391
225
458
334
12
320
276
89
243
140
330
207
294
63
136
16
329
221
115
151
83
331
294
179
367
273
269
423
364
484
292
69
113
487
100
19
471
254
14
362
10
447
55
70
431
449
499
79
222
137
229
262
334
139
57
272
290
102
15
405
210
75
17
250
153
258
318
414
188
18
261
137
245
482
42
142
477
482
129
356
349
89
16
427
483
232
236
200
140
220
501
406
307
66
55
241
198
421
411
19
72
40
78
481
301
463
373
196
354
309
488
219
176
370
270
199
145
8
250
429
252
181
66
356
336
329
319
49
356
314
262
369
268
77
345
442
460
278
323
125
407
335
321
35
353
245
310
391
93
391
177
85
461
116
83
219
400
208
195
357
111
306
314
440
261
9
316
155
473
10
49
321
26
313
143
429
460
158
324
71
252
195
15
113
157
27
418
283
254
96
155
398
96
341
295
342
5
147
213
447
431
20
353
479
485
441
46
212
385
257
295
493
7
246
409
437
508
363
238
161
503
363
