101
*
0
1
2
3
4
*
8
18
45
20
82
47
19
96
59
8
66
46
98
21
34
57
2
86
75
63
69
36
46
67
73
30
92
28
45
50
80
58
51
68
58
43
30
77
68
4
68
3
59
39
16
0
39
99
56
73
36
31
26
23
23
66
90
19
93
58
11
93
25
59
90
34
55
67
27
73
78
76
28
49
85
50
83
37
72
89
56
100
29
13
10
54
41
66
86
25
71
46
58
83
86
37
22
21
78
33
70
79
6
66
15
48
16
60
64
31
94
52
69
29
83
70
93
72
44
17
39
44
15
0
98
37
37
53
44
84
33
79
70
85
56
38
99
67
41
18
76
69
21
93
92
21
3
59
25
44
40
14
64
100
79
5
26
86
19
24
19
90
33
92
37
55
54
98
68
42
33
63
83
71
25
88
5
75
70
30
65
99
79
90
4
92
3
81
83
66
4
1
11
60
70
34
99
30
52
32
64
13
39
3
7
10
95
64
26
68
24
28
10
22
28
63
69
52
88
60
35
94
96
68
55
19
41
16
17
74
84
98
28
26
29
36
38
94
11
92
42
43
95
23
66
88
39
38
10
88
62
12
65
21
100
11
60
54
16
4
67
41
57
36
22
51
34
9
87
64
44
49
49
41
40
74
64
17
94
80
10
21
70
27
0
73
95
16
44
1
13
24
7
76
68
88
84
13
45
46
77
53
98
57
75
43
74
99
51
41
21
14
74
94
74
99
35
23
82
10
51
14
79
100
100
37
74
16
43
29
17
51
92
100
78
45
1
49
26
88
59
30
99
39
10
28
39
19
45
83
49
50
53
7
62
58
62
17
31
70
31
72
41
63
92
14
21
36
12
3
68
97
41
42
6
8
49
23
57
46
20
17
70
1
34
72
46
88
38
46
49
3
35
10
55
34
44
16
23
17
54
68
14
83
49
92
39
14
90
14
82
15
37
35
54
56
50
28
37
44
32
2
3
28
68
56
61
17
53
64
21
60
80
35
63
64
14
12
21
45
0
50
63
12
58
53
21
14
33
26
66
48
19
89
57
53
74
64
29
45
23
49
74
87
17
62
57
72
18
56
34
84
62
38
82
77
95
54
5
4
52
61
73
20
84
44
77
21
46
45
97
9
49
97
48
9
48
62
40
41
*
52
17
39
70
19
50
1
6
96
12
58
31
51
15
57
76
86
66
35
59
15
57
43
8
6
74
87
16
42
21
13
33
91
19
12
47
62
37
94
28
46
34
53
90
32
8
22
89
76
13
*
78
46
4
73
96
