36299
*
4548
6178
30696
6872
10407
22401
35542
20608
265
4292
16197
29039
319
8048
2900
8812
*
26186
12329
3383
11186
2035
33795
1893
4176
23985
4223
17895
32629
3376
28099
27371
3884
11293
32592
31536
31944
13458
2306
20726
30609
33330
34976
31114
24415
11569
31871
33603
29872
177
11080
21572
22437
28963
8190
28292
13950
14057
12097
8236
16121
24496
29159
9957
20171
21350
10231
30749
35793
35448
5453
78
26356
24165
31588
15465
3061
14028
21476
4676
10387
27707
21524
27576
19300
18200
17952
31898
33862
9038
31445
26943
18564
19892
2284
339
26166
2156
35834
34031
18876
26465
19654
4409
29355
19294
22413
11880
17017
33843
7527
19799
14025
8760
27593
23472
29755
16683
5833
20790
24375
12079
23544
6359
16058
29611
25630
27964
11568
31621
22827
11505
5705
32400
1785
14568
22190
24358
19392
27611
6843
18877
13907
7531
28820
4294
21831
10760
29583
4155
31953
22005
6121
249
12796
17868
11803
36128
33016
11854
11667
29851
25936
20202
17538
10604
5052
33526
10199
33117
9707
34225
5742
20183
4185
10631
17870
6822
22874
10510
16419
30950
13683
1266
35030
8231
27564
1016
10334
24585
31240
33679
20372
19329
3321
10402
17844
22387
10752
9368
10883
32871
2086
31400
11867
9348
12554
16271
28797
14586
3898
18471
2151
19182
33892
10675
10890
19802
9193
1922
21445
25588
20807
27583
30467
4823
9722
7097
28768
1762
10861
28635
21643
12883
17683
29865
34385
13751
21962
13032
21471
8441
6017
28472
382
28084
35862
32446
33261
30156
13876
16230
27522
119
27567
31854
1142
31173
23444
24051
7095
1553
35122
27822
3498
6406
27728
13305
25402
15087
25848
35524
2270
29461
16959
13425
19628
27058
18076
35159
27225
14052
1412
18891
31145
31664
22707
8636
26337
10373
16011
9786
26539
5118
415
1029
25725
29050
13130
32312
11671
17957
34372
27440
34870
16065
26038
9766
9480
22787
34118
9308
11042
36090
31744
20807
540
25064
7148
13749
15568
5977
25867
35282
7826
26035
3321
33972
27536
31935
34708
32831
4226
22094
23972
34528
8234
36052
7542
5778
10628
22466
1842
27845
30331
5712
5738
16523
1649
8876
35506
23670
19677
23165
10724
32888
6889
20385
3592
28326
3378
33400
22053
21982
10350
6400
14254
12504
10953
31258
26367
29290
17497
11917
27249
22593
11138
35278
21954
21052
6546
28003
26820
10708
23397
26954
3479
27447
3562
34440
15411
19523
1760
25667
18803
9263
4971
4671
9160
34237
23099
34755
8084
23475
30546
7705
33016
31340
6416
21446
36257
23471
14166
14448
10780
21922
13143
4573
32748
8187
12958
15727
7506
6239
28330
26032
17494
7976
12733
8513
33709
24058
34212
17882
18787
32205
5171
19351
26016
5198
27227
31739
800
1342
30580
23136
28994
29958
12125
30880
6960
24037
23580
24219
35041
26658
26052
24510
8704
8168
27370
33949
14070
16749
35163
3249
13366
10213
6827
9759
27605
23412
428
30768
31999
8916
17967
33375
22906
29285
22004
6966
31495
6075
26300
14228
22088
23961
7788
14821
21536
3661
33034
16114
28483
13960
35107
28472
25343
29259
25566
15129
34725
16291
3698
35237
35269
22081
11035
431
19417
21829
7948
4095
12608
30388
14584
20658
10343
31759
7214
10712
26590
25137
5831
9458
22872
14409
15326
10207
2712
13836
34487
17732
12797
27846
5999
33048
9132
2638
2723
24136
4428
3228
32648
10706
9713
10001
15430
3558
35521
24938
10740
7993
1510
37
29977
27888
31981
26351
30287
26427
3539
25832
16865
22574
3516
18443
31529
749
30134
24335
2458
19619
33491
32922
15554
5202
1632
19543
9286
8107
28439
8746
35456
11738
16130
29916
11364
15498
18113
3704
1536
12590
29122
17524
12896
22252
5499
15261
19880
33585
1600
35766
34547
24332
7321
32476
10134
13494
26049
14759
23431
5718
3706
35444
20138
27587
1791
12492
31802
10162
6392
16725
596
10653
4829
32913
18437
8390
25081
19285
34928
18726
11168
7007
23976
12086
12677
8448
5181
14722
4688
5440
5503
6549
35095
6463
10376
989
10979
233
30562
25890
8172
9568
3825
18052
32909
10693
3324
9811
3814
23338
7879
20734
20872
5754
18096
29084
19871
15505
2545
25455
6290
21832
18809
22900
26388
31647
9765
27261
9921
6946
25455
12748
14100
23033
21805
21599
18464
18410
27389
16184
32669
4291
35587
8487
26283
30724
16025
19084
3488
3750
31048
31879
26279
28323
33690
24667
35412
18368
9976
4663
17657
2925
25679
3514
14459
19501
10307
34719
15996
16807
22205
29654
33483
4982
6423
7452
4335
19213
26778
22850
32952
1168
2263
25715
31803
12194
666
35413
17683
14670
29261
25057
29767
17685
2194
15804
12750
13553
30729
4632
35046
21173
28199
26435
30147
1520
9598
23651
23749
6950
23935
19591
3626
35520
7763
1262
1438
11694
11645
16269
18923
12273
36084
32021
14653
26984
12657
15064
17419
23846
4247
28297
31197
19347
14332
2690
32809
2828
15582
3070
31725
29587
20183
23911
16772
28341
29656
5088
9808
25584
3018
29673
20173
18382
23224
24839
26817
28886
29022
36260
5396
12480
3670
27136
32871
9206
12754
112
17926
5499
7669
17103
2834
24388
30387
3193
10944
15964
5588
6551
29673
123
5881
31280
2173
26444
15036
29538
13184
12893
16610
13828
24319
13129
26313
30325
31258
18090
34124
15895
22690
10130
1640
11054
35543
6127
8604
18398
3827
30276
2068
26991
32018
32100
31579
7347
24827
14679
3865
22826
35308
27800
33068
24135
30749
1003
35072
6872
24100
31262
25898
12804
19210
21084
15835
33249
29198
35198
35188
31696
21390
17687
33783
32967
35546
28585
2992
3617
34113
14677
9554
15312
11220
19980
29403
34559
29612
22434
27668
17507
35939
25326
23083
14617
29758
14269
16522
35401
35161
27529
1376
9847
3576
30
16217
5873
4452
30177
10340
862
27701
11904
23486
32851
3335
19432
18073
14071
25446
34852
4188
12767
34454
26757
32132
27242
2795
31095
373
1573
4438
9380
7803
9106
33365
3786
31428
29123
4595
23688
17903
3916
6853
28861
13597
9830
27982
23859
19980
17860
23297
19388
17000
8545
36105
22926
11434
7277
2567
5562
33913
32957
29863
7865
4380
30608
25336
13310
635
13792
29245
7251
35636
29968
19982
11599
15712
33628
26972
30474
26838
2764
26205
17669
17377
17981
27176
32821
999
22513
8756
28643
29602
35916
28950
22565
16588
319
20911
13657
20075
2105
12288
5313
35061
13073
9286
18590
19387
11912
18353
35017
20553
24812
2088
33962
4524
4595
27964
26010
16812
34018
12340
3291
20747
19351
23582
3032
10832
34130
22213
22198
35206
15106
2272
26952
35895
13311
2769
7082
27819
11623
3296
16495
23513
19726
14127
29599
26508
5485
28937
22696
14003
22492
35667
11687
4428
15895
34956
1373
26650
12567
16394
19475
27827
13160
8689
3416
12828
11148
22433
13141
28456
30174
9089
35764
5005
28374
20903
19877
16003
24018
27025
7774
19565
31686
16825
32078
30033
27729
21021
24298
6414
1805
8568
27967
28412
36000
32072
23130
30231
22539
17587
21217
10310
1562
26241
21061
15537
16822
28946
4225
33801
9180
12275
20386
20201
29951
9611
20092
32560
33489
31950
29329
9641
13385
14435
24372
13091
10751
19578
21393
34505
26256
10201
12847
14419
6727
12061
16732
26473
31115
9429
19835
24501
23306
26411
32646
9192
21724
16927
7206
8650
10065
20894
4997
16573
14908
23314
13684
21908
2436
8912
10109
2456
34921
6470
33311
35724
17674
10144
20203
16281
25980
3529
31070
6923
12080
18552
2045
33670
33410
32240
26772
34451
1708
27572
23122
34165
5455
9939
1589
35185
20256
23742
7827
20117
220
21801
1013
15805
13321
20838
34321
34253
23936
26639
26452
2891
20789
2286
11073
20155
23940
24567
14898
26607
22264
26602
4542
6956
6944
26027
28009
14908
27353
21349
4203
11001
15246
7793
34943
22918
29787
14530
15840
2653
2944
15159
13443
36132
24118
11335
10712
16122
26244
12459
24421
29196
32057
30359
29971
5564
34673
16
5786
29297
9755
26341
34834
32713
20535
2320
10903
2462
28991
23760
32814
31448
12442
19599
26891
35758
25681
436
20813
1608
35726
25415
35679
8859
33919
3329
34413
17110
17110
8242
7548
7285
23551
24781
21119
496
10902
30778
14403
331
10594
9518
17370
1882
10973
27845
35866
24369
23784
10042
29064
34555
25910
24594
30661
16431
2396
15089
31673
35841
30282
28083
19239
10982
2315
11411
22029
11630
27274
12829
13932
36101
23063
29761
1319
35184
34809
30698
15761
26447
28991
270
17696
23722
35492
28413
7482
22162
12281
34517
19626
5656
24930
31978
18929
20976
18376
28214
4240
17068
30467
9773
9251
6818
13737
35975
27771
3830
4857
3335
5961
8836
30380
26468
22464
3491
18327
25069
35800
21480
32328
24497
17533
29398
31188
3911
24010
7452
29372
33130
2161
3611
28825
23048
31571
2160
7906
6614
26845
27961
6796
22875
32854
22869
34701
5358
28648
1046
29033
14249
26107
3981
22825
8383
35627
12893
17588
23852
28067
24438
6151
4488
11007
12319
20962
20410
9443
3557
12669
18144
23444
14405
35117
30225
13253
17244
20321
34758
32105
25962
18439
17923
29036
27290
22747
9905
8641
21216
34772
29062
21041
17635
6648
21630
32098
32959
16137
30557
30582
18456
32002
7233
30040
24330
5166
3912
10707
32109
1511
23688
1406
23277
14915
12438
16297
26672
6924
24611
27492
30561
15976
29386
18568
359
20831
2732
5472
10553
3371
13912
8264
21435
226
21584
21176
16465
8368
3818
4155
34001
8193
24161
19667
24244
3593
18075
34471
421
98
9649
4993
19186
31450
11161
29388
20246
10547
13793
27972
14009
27722
3627
29846
24358
32270
1024
1478
27659
28745
19937
12805
6375
23465
25880
2517
6245
20950
25731
6013
2582
7781
9954
1434
776
31526
12302
641
232
11400
16892
13732
26195
26315
22619
7227
33036
14661
21549
36280
15349
5334
18989
8868
7636
34668
7869
31869
2221
12460
33578
29725
34309
20358
22009
329
11471
21985
28516
20523
15765
23374
4512
23725
1456
2564
15621
18753
13527
33904
13008
9267
9910
9488
34439
21771
32211
*
26410
30526
14553
24835
3520
10844
7037
30130
16401
25193
21789
15701
16496
2857
11695
25628
15651
30055
15182
13419
10384
24867
7374
4643
7504
24810
35841
1026
12819
2879
31094
19684
3664
19776
5211
24081
10024
16613
35284
25824
8420
34503
3946
14410
*
9202
2088
23570
32214
27081
13767
31924
19812
4083
33791
22959
13778
29569
27175
8507
23256
