906206
3765128
302270
2525810
7154204
20696828
8308544
19441526
6965006
5235422
15405548
18238946
29244254
24534122
22714106
14468576
11402312
6881414
9254822
41948870
32874782
4444538
17466170
36096404
48728552
38222474
5617832
30171056
60456992
24619334
14873270
51201392
52326248
9977126
63183830
65302052
11134814
2473250
32205038
44735036
19150826
39323138
39401744
58110980
4163324
59019116
69685196
42854864
29143508
36210326
64199444
38393600
17112686
40830404
10994
26469500
44044286
17891402
2380856
76970696
10635548
18423014
3260714
264074
6616220
21868322
6638090
76757522
71270366
34983860
4676720
25732148
63027608
7690028
83913656
38973254
45412034
58288334
14228906
31245494
81513158
6618524
72166136
85548254
69068714
68698166
89135186
35120876
76878194
23383418
21340994
72241502
60071144
37269212
42429812
91774058
39460208
43605716
26210534
18559724
62249432
95365454
57600482
59666468
5305028
3576110
71551094
22539182
29850188
86996102
40912286
5194328
57552278
10904360
87762038
53458340
103732808
7468340
104046422
41485748
108698612
38264378
64213664
94017704
56362892
75814970
23981648
3396794
110901452
44960648
44913650
67490996
103834130
91335020
96770714
83627096
58499060
105070532
60633482
13512596
104374022
78776780
44181860
69241136
63888116
77462978
39538256
84106958
33779858
39270002
106496510
118770332
14086850
5910260
48337556
53507588
25590488
43444904
9163706
31036946
123513548
46850072
46704524
37749452
10190102
24384830
24968462
54789530
28549130
91641686
123616778
66931592
35658086
24297350
80715992
101458382
110321852
100507802
48101702
113108540
8472902
30330698
22380998
56049566
26669804
94159796
113969966
9957974
61027790
92748092
22666172
106947356
15203408
125788424
6698480
100784894
133364624
29163650
43095938
119868746
39392672
74751260
132355220
56129522
7780244
43967768
5456606
9441158
130345898
127423814
76952876
117258746
23994608
138057260
132672452
1623632
116517128
35403332
126062330
58700264
88268630
2949062
58414550
134811698
127217300
58389404
19890644
135458978
57993116
59078804
11221160
98015414
1667516
77538110
100313564
39909326
143428406
89796992
73404878
82357250
59599454
117817610
107812688
60400850
60509768
92213024
129804620
146318936
141776240
93927308
101875694
19500062
137237792
125367494
106375532
85931222
85524296
110367176
86816696
119457950
100245902
28644656
122091584
72575654
32529092
111212690
2002064
141149876
23096156
153999032
1995890
138910982
15909800
48957332
96365552
133779938
132468944
51935828
123182042
87255914
56548940
51054764
147197048
96200618
79902068
112566884
80739086
126571478
75765200
120299756
156095366
89960036
158212400
110142968
66485984
64266584
128652332
123820664
6147428
142236500
156939332
125343482
66018992
150765242
140324972
33648998
72518756
103505000
37530158
39947144
78348866
58480340
125088260
149478926
121249184
13656830
31317440
61678922
40965242
39543476
66496190
57965432
32562590
164878880
136760126
43260818
53036204
128508116
117632984
37467158
132400958
135128966
83651846
134920670
119937722
62689370
157707842
22000892
25153790
136673780
127215104
1381838
59277506
38918732
161540114
65988806
173902208
164943176
96441242
102203798
43395530
108110750
107951090
70455668
126040802
90892202
171262040
73248386
177490814
27923306
130043840
44588084
76241426
173569874
17243492
70751336
41390942
90558194
133772990
177161504
118059080
65623766
105983456
105875294
5122256
20832044
101469452
127113026
50880974
66332066
153684698
144937076
94696538
179536910
154896746
123693314
92536286
50317916
88242098
124374434
172686254
162236714
173516684
3538472
129332552
153828608
167523872
152585780
155503688
66076988
81245912
107148020
24024524
73580612
94444970
20470406
9622418
3239204
98991194
53113946
133032830
58134038
132477080
145597442
49010378
154368212
113653778
96003950
56012594
113252180
58957718
46320206
114524960
154742072
169273094
112651664
134079260
134173328
71993930
17368322
11603138
194703008
177329444
144436424
148687808
27884192
21160652
106929338
192925310
28862060
61340648
187231658
113475560
79421504
114596978
11670998
18165668
17397068
103691750
165195086
36031622
110791598
103354430
174999668
156740054
8739788
15388412
170011490
64221170
105715256
118598864
180586850
65467004
144694292
12508970
156464222
127962374
112346924
117284108
199085054
67454096
135224618
136474934
187501784
200935994
52446128
162600548
94191386
186990368
109009292
73315940
82532876
3217568
69473894
171703670
182954876
101894702
33779372
87750878
134589182
27844628
73769954
178234268
27672674
47362424
115392146
108675752
118854806
100807196
177351908
100677074
135522752
154523066
103991414
106032578
68565254
91623614
75792020
91627844
99866948
6966464
108638942
197869892
5552852
152066606
100333976
61488698
25939004
175991810
73062464
51424142
183734672
82814036
168805886
188971952
212533016
169122182
88743524
43874816
87818630
142116692
49943264
84272000
150006200
106678094
94463600
162314798
214117124
213492956
193426844
189447350
45839948
42779516
172269824
153879242
30385472
125721212
151480958
74293322
102218486
61759940
153506282
98881880
22534826
81535280
83948432
168739790
56606198
218562854
208124780
128445854
136961240
120468542
202261496
102196184
101214212
111357014
159264842
62768228
54020354
102152552
215675240
91229414
194688230
36452156
16855790
187521332
45960152
164988500
79941092
194821880
174436250
17868956
162140882
64207544
189964688
70580408
227736446
58245674
220652240
54578192
30541586
71234834
10587056
41737820
184110440
118894028
139945658
158600912
216432518
206707550
216450500
156670070
184305200
94271630
47290496
24241532
116016152
110299766
94658162
43272248
118147370
81281912
123314918
41221526
215361140
184278416
51043712
5466992
29385392
55995620
202207496
160736972
43870316
154056632
208252436
87205172
111304760
73875740
37883516
212161226
74576210
145231178
19929470
221575082
79708568
71130794
31506404
42724814
204529946
94969148
149121842
100902164
96314612
9941396
179001392
238653572
104508536
194880002
44737178
28485266
184545464
68372474
207035096
154530842
125544200
117192398
102064838
127784300
149996534
215742830
27223466
73812740
25931318
175925444
12014744
20833070
46436630
191868440
235853546
27113810
240078074
91030604
100892534
125339756
214123910
199572800
76048916
65846606
112500572
39054776
110996888
102329816
234741560
140754272
56907374
206130794
180549878
500090
175284374
137775668
68582696
155251166
164991056
162854564
3215714
116021696
107448854
111833960
73956308
79155464
73380542
153173264
123866978
211294004
106721006
84884900
67199666
51372446
142952306
9496166
21828200
137504210
236868620
54600476
55296536
234270086
120924662
152416778
119988428
149868698
224934818
128058998
112865324
147579998
57910028
119315966
92250806
240033452
43066562
152319038
163647338
91190192
8313854
17245742
109178942
209284196
70520288
82398326
165266762
253132088
57668720
235956308
189001274
26170970
182687648
241010510
143260556
84703586
71984066
149434520
121907678
152750156
107965400
257625572
28587974
161631824
163745942
187954358
197298464
91153310
38768810
248874890
32960948
46972796
212619488
177987992
201283952
175784936
233782934
79987298
62059064
129973334
32952434
135819482
10369742
11773076
10676282
176375282
256441622
177074600
92635826
213044702
238375616
170270204
258056042
21450236
163906430
241400426
134045078
35991752
58519436
241597202
40106858
197886092
258847718
34793402
100140080
243059234
75241238
110362748
209110928
151352924
133306340
145618304
262120154
105715796
131012456
235314338
60945512
75947954
76536446
125980106
263153048
209064074
35541338
7454696
225541382
41145206
146161742
211375832
260743460
96066194
57475256
200894414
181292702
105751742
188949452
84218054
172491962
122459342
210036794
30219890
128803118
257496908
63123368
38695118
204627596
195942542
187581578
41743166
225356216
264498332
22159886
231267650
59709308
220907246
265761050
229387748
275325422
193076564
159985220
147156998
130086104
120575804
92191424
140658710
219739172
69549926
96132218
196596248
19752116
223812590
225874832
255127766
176900486
251608766
201911900
59624312
252157910
256762904
165400826
245004278
274080632
230543726
10891256
230000990
201057116
57417728
170030372
149519156
188819294
214757168
95028152
4305866
127163840
34816640
238252730
269637404
27680324
46105970
58833500
98239910
198733928
133012436
232728440
4919594
238764110
207783158
97279322
131519012
67369100
257325962
173279480
77404712
225810572
9113828
105822086
64703678
229007030
12536924
258429848
9605408
88614464
225075308
169955438
192263378
185916056
104309006
143842154
18333572
62351834
197255408
179742362
10763420
126622328
190589288
203167184
160513430
5852246
75250706
145496966
199562936
127362254
29380010
91899392
99142970
225391892
209980022
31500644
215250026
164837012
86939618
53906072
250486664
6222920
251406104
138183656
166239644
251138786
189327182
188899664
255693128
288238928
224511890
207078800
269134988
120821216
231802700
177595592
224498120
64316840
151455542
98368430
1963742
194138024
144617684
52336094
265495982
75883748
149806742
92938604
161614652
15118178
229760690
82166630
66279020
109647752
62575628
80431916
94267832
83626826
173944220
245932754
7936916
20195348
72892040
233049830
105079856
250224170
272314688
52435436
164082578
76612460
6866168
47344856
132163862
137646266
91754762
17273642
66749612
152283092
29547608
217640606
130251596
295617614
115921184
288151754
5239004
1585778
291183404
192871130
138756830
82251788
142625840
111425306
237441902
131643842
170829014
35904254
211020206
22072712
190745150
275458802
232367486
164280938
174386462
41755910
139404740
208930820
259309706
270348026
39348716
241591334
259350332
214522358
298089356
179357360
85658900
84115472
167826038
245521076
174434558
253608494
123840140
189132314
206209418
82545476
46297922
87593144
149497790
105592010
153521330
12116030
187187090
118887962
281065604
237163244
235939064
76484318
241901726
185947934
196749122
113116262
301689194
183073730
110002370
247648190
205902194
52856582
241455668
270581126
27768776
161162960
255285122
173732288
169961126
144924008
162482918
258064232
53856878
260845754
202099136
240642626
216438476
249073448
42294254
94362206
77953730
16322648
232300400
73441796
118137056
98364938
95513144
262540580
2663132
159751508
35410154
143636270
43630466
124904876
96738962
34856978
225662162
240036944
295649276
53239226
58733996
271197104
226675724
183162164
34432376
87486602
68339642
181792364
280752890
257092016
275165006
55987034
132904850
239872586
113721836
18546764
64393106
253726790
270029066
53920598
146337656
98629142
76913690
221524178
229277282
172997186
264597242
153423140
158631926
205775294
93912116
270985820
230901620
269788640
100033016
246347096
119628716
215675798
83566454
242325158
133595942
72207572
62617460
232742480
186096056
70615688
72437648
246424532
128348348
165777440
33047762
40046630
195913994
47403536
119034500
78361232
191178320
115117196
5915300
48962984
8113352
119278490
62052638
275843696
17372102
112280882
107585492
231735128
278628278
194590436
5352746
93789680
83947532
228552692
135403556
130234352
169904552
203897228
175916876
303563336
110021018
137399540
165039278
243312080
71942432
276091520
228085574
36903578
228640226
121402814
8372822
6938834
214526696
140382500
300299828
253867748
36080168
323783186
171347612
85154342
321997676
264959294
283377326
246430562
30536114
181091318
296937572
315387374
126634136
126865076
169315304
167384318
4179974
79417364
119800346
145511996
704372
69617588
209803118
43795562
218565320
5319248
81020300
33634508
219996752
114114200
128829794
14604800
102829640
107804624
120669170
228430796
79330334
264761618
315746978
326259680
155677424
215812994
101030468
185587106
53183768
204346832
232421810
213041012
157442090
294374516
95700902
330770516
258597860
75882794
54952484
160484504
107945744
130498016
76367966
145389290
58819406
133860974
281894504
25573352
215205260
216830156
149040140
77907524
73486616
244917374
259260404
283860644
172233914
178792376
248001872
206708846
127740704
123678122
48790292
295318130
303742004
197497364
103304606
244356584
330792098
232679192
10184702
64314590
46542686
170725730
308347952
141953270
119198138
25568402
290070680
235023008
90627206
318575570
2484140
308046884
218100236
205806956
329171414
39657740
151929356
11047784
296866544
57047684
123061856
196638386
180048200
228467408
327201926
185850896
20861366
22455878
152376404
190140098
232118726
107224358
84976214
110169194
1433876
326654402
172645502
102689330
329424386
56402222
231573182
78285452
37572134
241335734
81234896
103869050
131042120
48040376
258866348
281373332
329760482
241696346
250069712
293233892
56117228
260166434
177648404
157980434
244230026
331035314
262645628
306324500
257772416
261413438
94712810
221186174
98871512
339879542
84849116
210531362
104234108
335463332
197757230
229248518
295116890
293269532
199434038
156343784
3486740
136932332
300005294
68862488
286505492
145433876
109484276
312623240
133434806
86047538
68216666
27203954
101175170
120747182
90868514
230450612
277100942
62867966
228958934
32045504
23562050
14820494
269863034
251876534
322730150
243857948
319198604
184462628
235870538
32177066
180356558
257058698
68290862
103924832
289321466
137584508
109447844
189726638
30124040
122630522
59516996
309925634
307863068
258132200
302382338
191281352
184743446
310111070
164135066
328925876
314956004
229330922
138505028
317952320
265167068
208817906
27697424
303327032
166076942
200457482
239818262
98936978
293579978
97661318
98046716
205532312
28793444
190539140
220522082
311939510
334945706
340305296
191322050
62827448
119905988
334852682
181778270
236905304
92840576
76467380
112546670
25731302
301694378
10238918
301922024
212203040
251899772
83651540
308259068
192994448
157783640
290426882
181828166
12081938
133728188
126621284
353159816
25760336
199257206
14859356
332708198
86924714
336420734
127256000
268110968
160490012
223685276
154134734
299118650
97106324
81529484
250625948
42467540
325308038
135693284
87851876
259537262
115512062
206092544
355733420
165452792
34038914
145892462
322171880
240096668
338709740
82639994
207431168
304165328
214637774
281598368
354290540
208683878
292903268
90647024
195416744
22933418
160829924
287713490
283977158
79319426
355294544
40031960
38980454
94022096
40907192
63430754
279082112
110564726
152409434
301820342
15113822
116614400
211356806
76912394
51399860
189974192
31303274
136199732
311418230
271896782
93969914
111812468
113930114
216707738
168104822
17794364
298226048
216099194
357367730
253125482
96774800
245977808
135957218
358461644
34906748
99773492
55707242
145403672
280906718
345874532
335697692
304054610
362375330
38232248
210122402
103168274
149262008
216967928
59807624
327581096
56668388
227096996
83409080
155485436
308970284
70683242
306826412
326884496
232354544
16313414
279845582
161243528
213235898
321732428
178526462
190646600
105223352
303658646
80956634
239289386
229377092
324718934
8651588
217736672
22211780
122080712
182737814
296299472
342003272
368326724
4930916
336687368
68433890
170833532
275543078
213663074
14594090
151547180
278862746
270864464
285836
168274724
199128074
304409192
106478960
253040972
333482882
357305576
313287854
236457554
65219450
176099774
142406762
97913390
187202498
341847914
163068512
312491984
172365944
300913628
73706414
235802624
259067984
226823270
24371636
104816930
74043356
370622462
367000232
241959326
74235974
273091640
198697316
373151120
111624350
308009174
291146054
170527478
363458462
153283244
246531542
252459878
135062510
284666234
334539212
81145688
285113516
327294572
303164780
211123490
15345464
160038248
135734360
86678204
337778978
371274980
178745846
327996410
86222876
154483052
316553432
179514410
333174002
61564208
75208154
177179828
362426558
216188888
96064106
239065088
200555006
75500726
142764908
203752022
103108370
379430060
80172554
216200588
263821766
26367620
22180982
226408784
58157348
366232478
269595950
266762264
282248492
149785124
15118880
115556306
162626594
106431980
336664706
260030120
284008928
70956212
118238612
296457944
378062672
78122624
248058572
47953976
177659222
356128628
379947722
110598404
324746078
311202392
213077426
199637168
96022184
90219758
241823966
361591052
60737180
73063508
71920742
359105666
251255318
242392208
266322038
338457740
165369254
57332714
355562132
289491350
275954450
234650012
374604962
97525292
184111556
299223410
92101262
350506328
30779744
21573554
38981966
41601938
191745302
26688308
95471078
140634950
203983700
54725630
155412608
272849378
323995658
197782340
312698372
354802172
303888632
386746070
35598830
218730038
23735732
337017542
131274716
211988336
203459144
104094770
55931288
71902274
235039766
83690996
279646664
376163834
168843506
263582402
328393364
222919520
235102730
128966342
124301246
286007900
187497194
140690102
160875752
293738792
6466298
209884766
358599920
220897148
86065178
233838158
146263892
293847350
248517896
221752688
163927310
71764934
214335122
262484420
335969906
286967570
172053428
138961274
21126128
301554302
233265884
115617254
360357728
296058722
2121422
141636542
38308802
229593866
322748348
285888218
140381708
161324060
107312702
67772372
55773680
214858166
158037764
144761468
131489690
274868672
147110630
279755996
223813436
112304048
48186932
297866552
363858818
288684104
76679600
350179268
73118552
186915272
359886092
277125080
163885550
294871712
95196740
140188334
276930122
253678478
273926300
122415944
301306190
348079334
297053528
251321324
186489014
184389170
203738270
304280636
320207162
86329418
29151572
265103798
11636366
366547784
221344124
390627842
116429900
55429898
365814590
313381670
265704782
25245014
226649822
186650762
365390852
356187218
191952500
238262792
290063372
99505508
200063984
357175454
330469304
375637046
283995896
188493620
351346568
146798510
88966040
310145144
239877896
371936912
276693980
329069012
88608434
104806688
356471708
237764372
32052290
25907720
17835386
223197854
396036320
265981154
13994456
16005020
282066818
76871606
297770846
207109634
116669732
227935310
106405934
360610178
6700496
127555016
233179286
275177084
388642226
343808258
326258546
403705328
64177862
192618410
336612254
30166736
247716428
178106810
265256942
600296
252028778
80673692
188562632
153554810
97369862
21632972
59426132
307604822
140681048
360111704
73284512
353436368
130509788
57043022
65687378
82187924
186437192
264338222
30796628
145147766
292541900
358555838
123818054
298156784
108314726
130509824
241185272
271681052
12788330
218851718
214507814
195966608
242550716
55495976
383584064
245269688
298235696
41711108
213967418
348093590
302103320
197186288
130541000
24101348
213661904
104427536
59951696
75802478
116555648
99098708
178709342
313666952
236242958
71631464
268945322
182700212
11486786
194239310
400923896
122405450
170597534
266477918
193697870
148898966
173233742
179536352
87482066
110314778
353017886
163832576
40039988
387127922
29001668
132551222
116490524
186996632
313082132
266745344
2174468
348299636
306648428
251177378
370228028
12427250
56379686
176111924
314945258
395441978
169585106
283149392
102584804
188486150
367356344
1546502
273524468
82621868
154350518
98403260
94116974
377350520
320121050
254664536
693176
406279436
187375550
384534410
101791526
232130570
232510658
354652484
232884212
81432284
371046938
141602054
363310556
200314760
320262818
392281610
371198894
25859048
240058022
253252094
53065202
185603036
288553730
223024064
286801520
141950480
139212158
408864254
257341136
59469044
183164720
126436478
229818416
128743268
110999984
411484550
136313312
266064386
380104718
340126412
6119366
280524830
326572304
174094016
83045120
349954052
99170258
68982548
7674782
26408984
300434144
27837356
142214828
226236110
158006714
127498676
218728994
163529456
141145808
104378990
265424900
140165150
352219910
362651846
308762150
14711072
353520986
384473192
182921090
69597770
398473754
35992598
326396246
75010280
87278000
261721112
135143618
66433190
241362014
3115094
315108464
276115820
243418136
132928628
231896480
387988196
125375396
364117928
342937508
88414088
171043376
290026382
252863996
57044048
224545838
87939158
256838810
351371678
294084500
152919230
273603362
26745872
287685698
196592072
333710132
384737738
39728930
110554916
346468244
262893524
225697316
148035992
147783362
370541282
37001012
100996556
286905866
265853714
121660700
182067332
120254990
241632572
414041828
306766976
231315836
49583660
219846128
351159170
277027304
348901826
428676008
92739506
276408770
60090818
195803186
4040240
263606324
226680962
95978732
13302428
107224664
257089838
38371964
192488738
282654716
189262058
433185170
351098852
163628960
252804308
187305692
298351274
189397040
212248328
3114680
13853930
44624912
137490062
333053096
113652266
42670346
368625902
204762254
416348474
378246722
20818922
216550832
78901070
39721982
140142128
193784306
429442952
424093352
257894222
273572636
330690182
399535322
93738866
53547566
274374032
22050986
379575320
160919276
130501148
254927102
383324252
182002910
12967880
349229876
383581346
156299414
171445712
86143532
14781596
73365890
304743614
267478412
350699558
176494982
314927258
252849704
10674266
296189276
134934476
146762150
154858712
313146806
141633878
392362538
393012032
217148558
124520468
256150238
263521922
343779872
280530842
179232494
19472972
333375512
350698784
414912398
389715278
202263602
371886764
382558262
153686156
258332000
2516594
122554220
57945434
146444360
209441516
184693550
23853776
128135624
335597018
317926148
245168456
94320896
294235682
54998780
383498240
339531188
431117294
438529856
67653050
425179184
184592714
107588228
184910108
334784480
401402876
366219806
311012420
340409984
431278718
157926992
426749108
92268284
383814374
61213334
44045960
7697768
51293858
73621256
328803458
283397648
214893032
63212000
334631408
445828964
134434598
354027092
274173476
332309912
189245336
406710392
194441450
337733222
133782098
35705660
49769258
129969644
225890870
413377754
114345572
11549534
142054898
127572278
342103514
386692610
443524118
283587944
247913114
114525626
385649996
143306420
355048934
399413570
255632990
103061372
444755426
375055268
85776242
82121396
50015462
92770916
692222
100973696
403100744
447252026
153274856
425841638
244081670
252834206
160893626
279037220
254500538
312123488
217273856
24951182
392948960
391912304
399086996
397663034
163157648
295716722
441990032
434959214
223167164
45704300
222965204
414990140
208583744
337855064
151163942
360599558
173138396
3802568
424415156
193531064
346993394
41717444
263575256
223634156
85786916
282943904
270366980
302656640
202286516
64258322
99006062
20236190
419241434
177380852
291302474
287281904
127950998
374335052
406005116
235037660
426854696
436827830
352895162
27838202
225679136
289160870
50723402
227887646
312558620
152847770
8695004
385835774
178548026
450231422
268197422
146850008
17985128
143835998
284944928
5570744
142205756
332579786
289323716
89221730
358368368
279739652
383969948
435476138
79965788
91655978
293110430
302260010
100357592
208392260
62030336
8980862
148453178
69874682
449163896
267385694
247798400
394296206
57390296
398684120
373147700
308100344
284938628
55704362
308068682
120512282
2417198
437984798
448095866
432757184
105940526
170210984
278538116
17049110
89915360
93805610
300161696
290502536
350594852
204697814
432639968
292771184
89435858
55503248
98675942
134157974
146842070
430776176
200932592
283485272
240583766
113533772
48014492
27102452
119906906
168778328
95692856
90543596
112051544
309007112
288522680
109329944
101151878
99336164
402767942
59805176
204232154
321070676
417738812
373342856
266447858
48942392
56989148
219521840
349374668
86839718
315724928
130660826
19361156
298679756
265632800
186840842
104658044
316026878
283706474
84796052
330524060
344458832
270147614
316636574
275369414
83304032
407396246
366946790
137768666
91550750
175530614
320018900
323887532
92649956
252346388
420378368
340381778
279995162
325239746
94899326
296973302
249212120
139974386
453572654
185361926
387671108
403051406
161388284
91896728
250692566
92826104
130564904
460240862
455228654
362896628
317639480
186821942
217634090
267024506
384309536
461616080
111149924
57286004
173064272
367373570
91125356
69538388
379944608
282405632
202035578
52120400
283232012
110212502
243506768
402032822
439877948
374947286
51063710
26641526
99197816
411051128
465424880
35079440
306270446
227211512
21567866
211352720
280495004
77808902
135117068
346979156
353622668
52798802
405942386
388712084
172924646
198688910
322516688
353901218
230828108
32041778
4915634
95664794
118369238
209385950
347860112
350953790
58261370
28703552
312794492
449602088
312111608
444904538
177648908
132171602
133127672
432908366
11899634
413398490
318552188
77513882
456790100
283193114
384970730
392149598
362709608
67316360
147828596
220623044
54330530
209362280
333794174
243952826
168140534
354602768
290841422
245695352
101831144
448546766
277922192
216005486
204974600
279642812
247733294
14818334
288662216
21080318
431023730
312631574
195315638
411523412
367278818
456615608
13091216
59741456
251186882
33274580
286009808
294704708
201092270
468710618
232088882
191979932
177489518
364177526
372095492
335688890
350052818
323262122
96373544
118512788
90356684
105524420
162166082
455355266
324370976
230881172
225095144
404427992
421793078
346700246
204486566
156326108
226172390
121127846
87366344
372019694
79530674
433334030
56111414
116458340
114461582
311035190
383815346
71217590
32171702
92229350
475695230
78479924
353897654
421640060
62712860
476848058
131451566
46248206
124057850
252517406
91309766
150645938
327075260
437061110
463602704
476746484
105557036
182071814
5765054
176812610
180520322
323616218
304446020
180028400
401929268
329087372
74142212
445222580
204275894
461464682
43610306
346751312
477115610
213021842
25923884
401134712
309963686
409647722
276199970
122770832
387610232
398716664
458167478
59193410
445582058
19252562
113661662
307380596
436594964
423004802
280118246
145919750
469489838
339076310
224941658
397936202
164569280
125549708
440895866
289342706
479343146
335243444
363631856
416889680
156389666
278012462
11822162
284766026
205948598
63504482
402047492
6576458
256364042
167426204
339419894
395975498
346215614
375793718
211669160
400806644
132951128
356785844
48156944
91409054
62324780
342946328
330206936
89817368
402122192
438766790
299160158
17177180
21510032
400080830
356125928
326697854
156760664
308633324
434862608
398697980
224011796
194657954
422248154
156823358
341209274
39044408
46365656
433178744
267066968
219821072
321490418
331730492
447484856
59560916
65586920
409782560
3744140
291490358
396026708
468106214
359529800
239304110
332508758
87504584
396214412
212465588
132999836
365270594
169848986
484882934
438269126
341021156
468822830
290733620
179484980
331029734
279468050
43549394
20750162
60864836
3748316
460554224
430026098
35625056
107461490
259163528
340777922
378777182
328169120
279139352
464727974
104663948
185122472
220449488
435271676
40935326
192620606
491358920
154587218
488044580
393962558
347512730
88555838
275150138
158726750
344056478
260371958
360294494
10948892
481999874
382534214
238843274
227392322
275136854
407405300
96813518
486603644
315771584
145939928
114037592
366906884
184969454
320187704
419786888
209312654
316421672
483080684
344919110
172168736
284432900
130828082
395234690
246350804
480917894
117498740
168938888
8528360
15727190
452582204
82838210
235925672
253398902
438658232
360724244
276949202
152626568
51952172
294167480
274256996
261588146
116508920
79319534
253958792
249943388
138811136
405382190
384566342
211029134
262226876
65896376
232053476
129552836
71289392
34178882
306545414
115063016
459453452
301464986
242278052
69584378
155249690
283745480
247989614
90609620
346301798
457587752
462299288
244562648
151899314
182891264
280492466
114533330
149671436
107795840
349515104
374118674
221392454
150812564
467399876
458181986
65887502
369444380
398866694
352581764
222407654
359974274
59150444
280018850
69707102
275650916
461436656
361483448
411819530
118458068
166149086
381379388
372032834
174085916
224043980
77210240
387740948
295378880
336040862
305867282
95697086
13895096
407737616
201510734
328722584
292024202
208462820
58235270
96668366
375070730
464201474
379628078
50075348
492026486
11599106
343894352
423561776
24693188
404014514
132498968
86583866
231629558
27544046
155559524
42145214
377989916
278139002
360931388
65899598
72761810
136329008
365306648
473667764
303048644
368262824
128525594
142068362
355811630
204811358
317307218
471101846
69509588
273754706
362499530
260708072
440742200
268695338
288247622
400825544
487357178
419981162
52686950
501080126
290431616
201626078
252709988
267773198
376704914
112285724
299244218
475281050
49714106
309593120
351771440
219270938
492712772
272983406
347887202
191653214
477333932
45498236
161811338
122030006
442407974
196702916
161781782
241729052
89174444
410438660
507015374
472449794
114348506
187391714
50420876
466156238
425928506
266404532
18621896
85184510
311044442
466396736
358667168
381837380
188774924
213892178
473816462
496149728
17872106
466963772
419103140
174629426
188934602
49693154
115039904
434086592
384773036
224448890
35517074
58220258
410003564
293170298
151220264
138008498
272672402
266757854
126677660
113902790
59114012
394185308
460078988
209047514
20878970
24660410
51473768
304947122
93519356
168144656
405389390
227383394
238462844
246421616
144438782
224706956
395622140
424616180
99230342
110681330
416354774
139398854
62347946
381133544
213469988
199285268
450235958
409134398
264308486
236992748
200279930
418660340
200913818
214632032
434753132
94053542
238979606
457666196
397473008
484484432
510333602
444719516
453443126
269363948
361927166
150368756
333487094
127300064
83396534
174543584
228983450
407873372
160500848
340748402
401443934
500415908
193709246
295406276
266571914
140959310
32657738
322359998
99231422
310906670
273443378
327015644
297653756
267582740
179652416
246600302
299903540
138256358
64920164
229988264
38308046
163440266
242131046
243218264
36623696
287989448
143918924
512996342
454726094
287787542
486839984
447835406
87732932
168038042
161258810
246507098
225268934
153847166
487065128
359975156
354303158
64914422
45388040
140593838
485123000
462141590
362340428
177992636
190595228
289478624
515081138
217937336
252244310
122033894
417280154
136863212
243805298
185332262
256775180
157748108
69629936
342649094
186957068
408215282
74312852
212457542
468753836
403271456
449608352
197847230
507410528
220329968
158389232
368248262
428326052
202495226
511743020
206520962
393943820
162428630
463584074
182097230
307171778
234226112
316039334
40040168
484903832
72254228
145617368
379919714
427971128
186022994
237850340
330744326
128307596
494597462
400410410
118125698
332920328
300547724
503375216
366921500
294991952
263621948
210545924
182829740
107165480
451229594
347839448
273936470
124501370
401022626
479661116
186325196
91367456
158046854
488560280
335291630
194326520
145689026
366259100
74765138
203952254
59781272
247306154
484322450
114866636
514832612
80339180
178648772
420561860
274558532
54900842
328299152
217418990
392567018
224632202
447710414
452797304
511635380
360422618
284265392
132110636
161064590
441081428
405061844
515987078
440053466
394718846
241904894
194605286
487302224
427741754
384840356
38153912
380141942
328080650
529665242
228315092
89727872
529667096
74143112
99232376
300494390
397486076
184177418
274933346
245885756
209968466
333986162
314962016
466085354
185494586
453515090
214023056
125535164
384528182
426285068
152884886
76920674
496011272
500583182
388991732
50056988
437300780
249411236
101366726
293629892
407799680
68282420
353513462
61531862
485775518
459025286
51183914
293172224
425185880
472656758
322312550
142705184
408674390
409285724
305258234
398096942
265140806
333795542
513640976
493600550
182984774
518289188
219028064
352380362
449723372
145099958
406451228
257272538
112711460
260980700
376531880
531713930
224429684
276306674
183887222
218857316
451412906
167191772
319752716
98559842
355324262
335579468
446824832
303098666
257801846
126505472
174304616
459212090
202631504
92961698
300202790
152827268
467755322
95037386
151163582
538018502
198621518
532147244
384917216
381162704
414688118
442117742
501809738
220949060
465821600
266460386
405208976
69554732
486171770
191524298
136028678
246306200
217253894
129351182
425068916
274531586
390809930
447217214
297695498
290932376
514460930
448657466
164666966
474367802
510836828
222144530
246563492
135130622
479720462
444553556
175432460
525890498
392593496
229375922
199196384
169794176
306409334
492856520
157141418
137034230
52469942
160089044
189286646
433263848
542138918
411176102
500250848
341825972
106337084
57489476
471945884
81286682
105744272
129989084
528565604
221022878
361492394
447168650
526531622
367762748
423159044
323099996
269290616
492809936
336796304
184757702
479453936
475992788
478679648
81516146
367201526
306958928
280748390
336348140
170786696
409990694
483617606
67061552
178194812
450363110
221677646
380106842
295102940
283144136
228936686
385582892
66493220
354890102
120010100
67779104
399369020
258491588
190912928
211293482
464140202
339475604
434487614
88917116
322141244
117987584
510219410
222522188
416043302
466922804
401960354
309758486
390411374
534111908
384285812
198108608
514081508
382434134
366915380
204416960
113077544
121667630
264181352
220308584
269231828
247490924
92766506
476098988
245509862
176705942
374828774
423994658
354115472
62081762
526060940
159219734
392203022
332110562
531211712
366860516
318627104
260648384
388591052
527216720
320854766
315086522
492145754
538827188
459087962
131893718
503349908
468824666
330667502
251225726
176991692
407882228
544359182
346976312
247562240
427100666
309632648
453499268
185263556
505777532
302770490
183443180
512223890
71535470
68002628
126104990
334016600
211047026
143248262
357482822
344952194
255487100
407554646
526424090
287808782
434541776
317437646
345294806
400644932
120091244
445593362
360048830
504394304
296450978
430526444
519887084
182854598
471721694
105949202
508874666
320901602
400336754
210573194
403874240
156013700
386224070
427800920
279779540
260877146
81919220
413658536
445151930
181773140
312801764
283795826
547855016
482979092
154288922
121804592
292206812
488884568
283815266
158417528
130663094
491192852
322124216
386211488
456833282
365799074
475849922
272634548
441325364
313203056
499398062
90272786
291267320
333514670
184863056
461556158
507347780
174372458
192300872
346044398
392207144
151727450
335149466
365040806
541921802
211134362
543797618
150401534
520207304
75169994
464700308
264242570
326120342
147125336
525949862
192798482
547003166
436278686
321361736
231851156
523660316
535518932
306341996
408075854
267085814
235045328
524605010
383757638
436338032
403756970
437275328
151584710
275007200
519809270
331581722
506073002
257281052
76083278
456673946
332633660
347746442
370961744
122054612
221359856
270240332
186472940
276527066
253931090
559648058
303916262
511609208
78886688
174648128
70406222
283355060
108727538
211548416
251048300
322795832
89888594
316805486
364134614
113035352
393654434
276998126
423637214
93365924
199563944
441812066
551982344
122859878
528093626
76580042
227730470
113428670
513547448
108304466
438106946
219386660
136015196
141734930
311845514
289220954
360242402
274691678
558700034
85408952
270285404
521790224
122827118
441328712
87173906
106926908
418839404
430096964
414847436
188503646
111460316
380992622
422171276
229862948
390647462
321472112
166778186
159758510
373144496
174854768
100415534
349533770
557730284
382740818
453116156
502152764
89577194
373099676
482438696
374065142
195031364
388683014
162133160
382491968
308110532
387300506
274668530
389714234
353255360
559517630
393252836
202647668
377184182
478355036
245909048
243708530
468384764
199341158
514891364
325158260
385906100
293467748
306976010
241875140
548303648
315707666
104357930
323876156
489021530
189808682
304508336
232653920
205209158
339801404
212578664
560702678
143744072
418932374
119772410
564787652
296858624
368348090
146532740
281867432
370927976
551433416
153418460
453503930
204676106
123096902
260172536
570495902
276233252
509829224
457516454
287575520
526935596
107662820
174771302
480614144
391672508
460654736
189839264
134272184
447301346
232144988
443918228
287980754
248430488
331645334
174160652
528935774
81031334
283995770
408465122
474154880
87402236
367231892
436614584
323928050
538931336
191408252
158813150
455944406
374291384
426651944
320416556
83810570
310498772
98220272
161237336
95537336
518112266
147986744
478473836
482453942
85919828
310453916
132237086
485454434
308510168
126065552
360074534
316612418
104336276
186556406
576223394
432675824
314088908
145045652
436671734
103531298
199753160
267158048
333099716
224267882
217123610
293549540
546834488
575289590
546636992
371133716
299483672
292401590
316298912
415786154
378508676
406855724
537465686
556484774
312028718
353750648
525110090
390087104
379840694
292273538
498320474
513937922
180171140
577644314
306892454
499347158
266022284
388057442
99200498
525098570
109842854
416424524
561260066
104307296
395704742
557990906
554560754
285201050
95180054
239921420
215712086
457160756
318626096
94512596
492757844
198268592
380680790
311398844
382712990
351446324
502157768
103682984
321336644
511704554
337270946
581364140
273828452
252762602
461052410
187195910
239425790
385436480
499113716
338639576
530531942
225476762
97393226
187533752
239275058
491931104
368142296
397409774
370721354
273664274
212014508
184146440
571633574
584359394
199810400
317429276
436478864
535346474
357144512
370272902
245164118
318516530
514150916
327680726
433927292
380561360
156717752
284329760
414085334
97193372
273763994
224080232
127294070
443339546
277115018
432687956
184923896
410696726
230527922
286802384
494466584
339859112
345461486
372539354
132225638
388164002
452820038
215127986
140208548
543539768
99146624
566858372
365337212
444910208
157998074
223508084
562169606
497282666
440883716
223429370
164583392
275843480
576433508
98600414
272313140
196347092
494764952
441711878
106082672
493761470
502144232
361533704
240693872
437715806
123671606
565514474
261289112
578618294
153329198
187579076
423439250
211007120
118763330
300477524
335670872
545081450
366768050
547906208
347589500
100445648
512404430
541123052
335526242
110618906
384781820
410474210
470211440
224863502
364838432
265707950
390313958
559308092
576485942
391181630
153247784
585250574
386555378
132975770
443007734
447494972
406273550
518897264
259119968
541228046
551872148
375385622
547123316
579309926
342615650
231665036
517093430
541004504
403758662
437849366
166795340
126797288
429151982
537914714
213842282
220723970
577934510
313307834
579549362
561605738
349737638
557105414
511070360
303302498
253146218
314833820
524478488
407149664
366184382
341623814
307935356
174718814
557718494
163661342
475652642
148222004
149962820
499047458
519378062
320900054
367239560
268605428
242008286
240294506
548193560
216025898
593578472
183827660
277535354
103018046
575173778
516370946
287293982
173819138
194626472
321222326
371544098
176297936
248728316
322496744
254529932
264921980
262952240
520402874
477097556
409470584
280965956
364921916
261939020
542302646
205198718
218456690
442235858
348791216
502560230
379685372
195256778
282622262
121079750
499461188
417182936
572900288
368034278
549670982
123278414
325509422
486433508
366015380
280468994
499262648
294200618
516951716
402953810
488425244
297786074
401029214
282971084
314395574
225861836
415206698
312866762
453057710
178794662
223272662
419601146
242225258
329814860
262214960
213927476
114492344
113760698
118883768
388510214
308895314
122353934
411840788
519718694
171159224
561782912
210837506
420031328
572261882
404694554
313282724
438306800
542879258
403771532
341599784
144597974
481002008
381376238
209789780
138896978
129032042
333963482
445472978
585542930
413514968
223949462
242689658
540949316
239261216
277072376
536308754
355034372
220364114
347705762
362245550
549226814
230571752
248221274
227152400
530483918
560417270
112191314
440096414
182370326
585571208
314146274
323575952
281525666
334013756
311961614
173245766
307210370
175124210
599536760
352793696
202844642
297921542
403451960
599047736
234579794
121591760
190203476
405188924
150301310
118150718
560011658
368265200
122310716
255364178
207303530
136136102
142838546
603051800
263009102
491124326
320574704
177330740
150478358
299311286
570592580
335313230
557693888
185281574
459296888
394455056
136186988
523213826
131594882
366476558
390218486
429196478
320745236
472035488
457335140
455271188
199147352
246511670
268348604
284256482
488692706
482902250
474376334
242496752
454098704
247509122
120092990
577826474
353463638
564774908
267022328
419651204
417825734
286254428
550795316
418258328
317356574
574762460
314783690
477903686
131403290
134034368
533992784
489702812
295121354
603800582
338896688
122400122
535795124
531826142
264406280
260278556
166872128
367052126
399862310
449803184
343695794
250368458
192666344
291371108
130352468
553882226
258712934
401685116
554644976
149645714
253081688
383443502
465905102
290118848
139264592
178389230
241530152
222556676
605698790
510968012
264908462
239172890
309150968
437404208
363546572
592326860
312680588
134034170
256525988
558526010
518585846
315715154
166828532
151765322
210049790
282259058
453877376
308145092
133148876
313424654
336580322
485862152
384827306
455248994
203302976
398954624
505362740
503995460
541697648
201576614
338674784
374869004
503385224
410057078
226518962
529712690
581171450
142944872
243519404
262261670
614558282
593650058
372506432
473178758
374237834
453718958
580375526
138489314
215256020
580471520
416932628
240145772
576427262
252083840
598239140
408811442
524334956
241706012
387732578
286558088
284988470
212184896
513665852
373763318
453328394
130958330
382661348
348786122
279042170
538994174
227826212
187462634
595851044
491573768
438812132
481935092
419605628
163782014
569557166
154900148
411190286
589350614
237002378
567941558
560604812
353796998
215803850
584826080
471079526
246091964
491851238
157123886
135458114
178557530
439299626
236449076
515080310
289309586
133721348
298355432
248995706
155295644
509598104
432647942
323625830
374401346
158706014
341241818
578797808
589887860
436174556
208084856
223775060
183876206
587092622
512170646
421531970
306282650
297218768
566022740
316486562
543243146
558787892
500556236
230115884
358521008
508388090
240040670
341136248
470886440
550181588
143080268
353267888
571908560
595642118
413282120
153681476
160039364
465651860
346062596
449862782
617001908
143268944
142109492
410790074
459295880
500544626
538232126
253542758
147349436
243734594
397095476
274761662
528894842
431997908
599719946
507799760
405874994
548354048
341303180
609335168
259777724
376321262
558136004
381457490
266571662
504452642
610352078
389741126
281821316
311463860
543595802
533236190
515446088
626293544
318077402
311800100
561547976
381263936
449438126
471455420
213967976
610007666
367485926
164191334
142369682
574581056
556899638
401721818
166597358
176177912
205255868
344317064
286559780
426577100
196947644
359803202
195415268
236553152
315143636
327884018
164970356
400515008
486039092
580101278
390852950
518661554
282348914
246270506
226402790
246843374
501496844
463436564
255826004
477678830
349956266
431700944
551749496
614322374
491009990
211042922
341003318
319089416
452221988
424516946
382002890
387323852
525835274
328825382
553348058
274866530
292882406
351775922
535114274
152867264
558471020
190107302
327488162
633289100
564054314
164828192
307878638
551750036
425068358
428753660
535261046
531973976
411275390
430998080
195791144
371731190
405150206
171391334
337806788
421138454
492848834
292741520
634000982
394405808
322962818
520283732
584484548
455636930
368095532
554138042
214994120
313762082
482182844
230678798
431701520
189278798
187015388
309087536
492048968
479014340
427150976
360834026
484443734
398254910
531661388
182422382
461254874
307342760
191825042
151664414
268858742
577091822
434145182
159984986
377539862
534952310
458843738
190721714
217881788
151866428
511732112
560449796
482010296
451167044
269782394
510179738
563333288
247695422
393789560
244215572
388852646
626082836
230645822
595023980
193385984
539242592
376340342
250407140
211975880
436709750
280862708
469466834
592716272
317537672
233414510
293081846
640799330
389647634
623406218
474839114
564710702
457241774
551148386
519140642
278432762
206750966
644332964
474211022
354264980
492758798
541100318
258909710
244097114
290246162
308690960
235505750
446959166
518311220
542971382
209213510
431349728
252446288
623882282
387803156
502292300
246471062
242450906
579996104
447746144
494545136
415166756
241087496
258348686
353204258
242097278
296983868
486209714
432283676
373290062
586751594
269715650
292031366
388068728
240792080
423031154
187448090
627437750
393364670
345270002
588231392
424134032
538383110
532408532
235666760
349729646
637820924
274721810
385472930
380244434
569903864
163571882
623083442
366486008
257166320
195561068
630703652
587260814
502563380
466251890
556240298
565217312
398057072
478154876
179603690
363478316
159420326
235915340
570961904
179521142
506097518
541827842
217035104
560538554
256414208
554236862
244289696
376688678
489357410
225350474
562475156
308485220
518242622
527729216
219000506
333653468
319889606
621090104
311584082
626327150
188535902
346193492
430315358
159841364
506488874
590315918
160217024
282116696
456545336
539909942
278372840
194301428
291059978
386861324
382407584
435062066
562057556
222140174
283619354
511681892
210014186
454643816
413455316
235821146
254895368
465296162
560915384
187557782
469322456
258627182
353837606
386686760
525156764
486453254
318199298
542861150
493330766
180174506
515720372
520020590
229721666
426811964
223446344
654996434
625868672
419586674
220469558
364497422
164876846
585894938
250649510
300534206
535214516
459472766
637150820
566651930
344738498
425786306
511037294
486422870
174965126
566161502
597886286
462403058
384422306
353449058
516566660
232424582
517069580
579130664
191344784
492049886
217345982
327756110
489358724
455818676
500257724
182075360
486049586
193292510
474144458
583116242
642064154
190242770
641264324
633954182
358744046
258225782
656211164
590208638
420001286
323041298
201072812
466161278
353693390
300518114
489987428
311188388
513045176
282273620
206291228
246070814
597299306
557985038
514263146
259082330
522057722
403270034
529624238
184940168
503308940
570041132
452702246
448661642
586972886
230874170
303403262
361755158
562579250
253486040
604541210
200364008
632671178
582989864
412333682
648145670
252929822
597190190
289858748
419732150
338834192
348750122
514005476
293745578
310610336
204503468
317657588
438230048
520649960
647962412
249613574
465965834
470800202
393715112
343237460
417925364
206888936
358011590
279172868
583732472
449986802
188718494
385282940
300159032
321680912
397276592
587213546
226699340
324469976
210682922
191465060
342866048
530188556
482280134
573359270
470288282
304777094
250072988
663552068
593949776
600031832
257048654
660527636
201758522
525872948
262933952
556426850
647423906
480124670
396677570
555198152
419514026
354506252
559634000
461198102
223707110
452322806
295354400
591287594
448068470
400116560
376727864
265950284
245262686
450048452
422526200
519564416
497070554
350619782
280125968
626920412
655007756
186681668
580346204
222510794
616281062
283671572
581091206
510028358
430811456
308308892
190088906
427310726
364993340
340150640
463812440
330680228
291278552
468613112
509759798
412894670
245923646
530188916
359214386
556636280
417454358
580966844
620736080
301372286
411841238
596370992
372478658
650307632
585986198
252916592
431476934
535004150
297951242
564719486
649968746
651998930
229395038
263307056
376675862
347459810
654242522
664989692
258493154
188736116
555562310
271117346
348235340
517806032
200939828
515790212
411212714
355396136
489862778
409516718
569249168
433352048
659508314
572157554
602958470
661541648
455918900
263085170
423346064
512622662
235511114
610730384
576373082
547620836
211693154
619582640
348361646
444976376
298336658
599447462
642308648
291150572
583873808
331391570
315331070
563945882
629314970
400709858
664846808
526853498
469732838
249118664
348277802
347241362
584948408
301346816
572161208
332378456
584247938
288443156
491400032
259307204
208450796
517018226
563097920
200134706
476111390
279765806
323602790
505007186
500464022
387030704
300433604
459443264
579371414
460923584
628355336
623845220
646652012
629646350
267185048
190627412
649465790
527952848
618448298
196967678
463308530
334877324
245495876
477888458
234757256
672437534
658670738
207111668
361164776
361063886
656705012
346792334
484197242
474922688
352352174
269852108
192493004
254343938
513998402
279145094
480134390
301680248
229878392
323535614
468167792
643518158
245251472
480998624
361635242
221770832
319305236
638740598
215667896
338658080
590591642
271112630
241017350
527602370
277498796
434805332
659947982
662931140
440572712
400474994
441460634
477722228
199314644
599331344
317041034
500848574
439903652
265415666
431570390
635953046
230647424
616772732
679383068
499905752
434515406
203842958
538902698
460654718
314012210
611049290
530550176
294973988
212542196
228152696
454029296
623134976
491873000
358345706
592750796
478742198
333201038
316382936
568992272
679549694
679888634
402650924
437594018
262979294
396223232
297345380
532837112
306991004
417268472
290168222
681313154
293375840
336758198
396754394
493816802
541567652
356592452
247120772
234963266
505563404
376961972
387726548
651918056
273092666
363963038
604485608
367539692
279609962
436461440
304544678
485035700
412153340
298968476
257679248
258928682
389118020
345956936
281691626
611019932
419832896
203964566
492844568
527125334
286062098
471133274
469020416
214677302
335168564
553237016
492776204
273471332
596995466
676556492
271854158
439209860
466101986
304386134
410542016
575231720
659857640
635426996
363854372
556219040
378611060
403516688
339902816
356904212
601747160
614566220
671472662
325401098
606166574
532680242
340877822
404501936
383499590
544722260
219057296
394213424
402796562
271175180
317692094
335288372
457828394
463608338
673401722
647288402
328148654
338705564
469196996
491205704
568398614
627180836
535711928
306391424
420318770
411615626
319766936
339767726
245835194
655196198
609654668
591612152
629660912
217185314
229869896
494952584
545656118
288661694
435176510
367094012
678826382
670356428
400780220
633044246
472473680
208249106
312431234
661211276
363330752
540670514
669647930
407543072
376406942
592485584
485209148
592602674
245597774
345913790
652611182
347861210
368966804
616558928
448266200
603935168
365236484
273361586
398204042
614971580
649706288
374291222
406589630
275674586
456206108
439481066
606815438
499163684
579291224
207314924
363225056
259644038
349284272
405946724
435613280
341454128
446610254
546379250
331197260
324582890
671706500
326935166
478204862
499660826
380257718
310061858
308553836
690881954
480912908
329874674
385168262
236912954
213491048
514985540
275392472
651539066
317659496
507849026
668269328
538574072
254533190
586647554
608349254
446994068
382326638
433882274
290177222
648072626
618230660
551717438
403690172
365760734
509761850
411210230
685428332
277856528
212193932
261090464
502292246
440089592
402228284
408533144
333956750
427576208
684756734
415456484
537714842
456353222
483340802
383565650
535969850
449935772
395928374
218786018
315664214
212945234
272713082
678770096
349796444
400837676
383375750
660382898
269928104
418404362
441260654
496372802
596303924
704958350
265879490
695391890
317012396
270314204
573343070
237385472
564495476
347944874
590800100
656547134
563391968
325834322
658739678
488642846
360654404
358833110
631589054
639812876
632871482
650375474
475517138
380132978
324047300
254668550
260058182
570935966
426817202
533129576
349718702
443978798
397379426
459975056
670113446
596294348
335946254
332771756
369128498
380990390
294541502
316365620
361236794
580994888
548472452
699372644
314522654
237392672
644076374
499744724
356598896
645126548
561279092
580041914
259338434
510340784
274856450
527521136
289314482
342772538
351430916
614586290
448502594
458819420
437622890
426649154
296858696
324519620
525716366
581970326
313582136
483512324
552187508
356289818
228530066
659111180
513400100
495228686
240591902
469839110
640245992
502626668
455068310
225196484
260777696
284278424
370905062
467297276
538491200
494152214
686417522
555470294
558110228
533889770
261130784
319303490
610616228
368453300
482807030
517324316
314766284
452366150
339324332
562351460
485821490
318671546
535988354
517219196
681310274
389208092
387308030
610576412
298792832
635632484
483811106
693642398
409495208
253986494
478668704
608378810
687479000
493362050
267843200
234671486
298235480
482805158
252935420
462675110
501575306
664179152
247710020
381417710
690028880
285257930
390580070
469306454
277286090
339984014
704309306
713619914
429899126
265286570
373453142
290411402
293715932
324525830
714404408
513747428
548110310
513655448
645140858
643300196
531822992
417471386
625103402
405281408
294171116
572329310
336057728
559756094
369566546
558122396
588643502
521832092
690290546
293996300
325492034
522677642
503345444
394179188
310746920
296794058
312697130
467937158
249623276
554659502
441293954
348910736
503315006
471507098
692512808
243925016
433736528
543001424
542537024
513739778
523407290
235070510
406160996
334328018
692524868
522571244
640356440
345077492
512392316
466268540
718538918
424718384
568073318
661134434
663231812
612471632
528045458
669768944
699792746
337232462
558681368
503630636
373288658
627474110
345414398
687685028
394889252
566934692
595878746
274399106
317722874
645623474
441546512
416644466
604089500
619254860
343710212
716979542
299066486
641752088
348640772
398868890
246931754
700309220
243723362
455178488
620728448
497191820
305593358
425756822
278012408
312713924
341001536
241525022
339798110
593409182
475761632
526719092
521126978
583150514
444805160
705639200
571151660
285971540
544695656
669692102
648092534
635072504
672196298
632026112
563207594
495927914
424081850
374162810
682155572
267456164
474926126
717576674
686303438
612011264
662228960
492148886
688792172
340530836
723038612
583699190
613632128
469613354
718983806
414977882
623967512
593237984
693992660
476745764
458358782
253428962
410092322
333904334
550380128
692248928
635356958
397636232
282944480
362611382
295703528
342452552
340032272
692538674
459473558
309862976
628179584
427200764
722945894
522521546
308650262
724143938
670529984
600567008
244974182
364182134
366724796
466351178
421590074
489655112
666657590
544386758
425903072
242719412
469908608
260488076
513936392
564708254
704185934
303888218
257856062
268023452
580333082
556351520
666215006
378202226
624360020
267467324
349084670
516776306
261989366
566584574
694782878
560404328
703851314
459971654
472970390
617538236
529598894
613806566
506481674
284820800
544535564
602958506
437729990
264361352
288570920
308033708
390457508
672324332
443107184
710893472
518046602
285037412
320284076
549485492
348887552
574936628
629043602
619730726
568730570
412180970
306546206
280811696
288503870
386565008
476530268
449555936
402808028
277405016
270286286
483004814
569778584
264849782
603337460
300425990
615466166
654761552
472128314
377898566
320580950
257437292
316914278
736171070
557800880
594176900
725766314
688682048
417040754
521297510
444520130
508611488
461115986
672928808
278428748
439627604
276128114
569300864
590357912
326336702
488671898
303577538
393873926
684130316
542037506
552484292
418619858
732794234
493638926
296938238
661039664
441283874
622067990
441424778
727196216
407661620
465960632
464214272
547802348
302638748
600175220
636096344
666258602
467419784
372111782
354082748
655016864
629487572
440195072
613717916
448809458
278216762
486045842
441051548
657242528
586788512
361348610
518280620
735477188
716350442
404708558
735094436
304521764
701538674
585078980
485780720
734006174
478011146
567658616
685430456
690596240
365907416
714882920
296145644
556512440
303827288
628195226
566399714
606599978
655861154
519571040
409665812
492563642
608941652
690326006
394968236
478077800
656043224
698065196
265810892
424799186
424807394
557141846
551148584
594710672
383023940
501314234
740176754
387640940
745961324
367041164
290012000
734566658
660070418
654332828
485945672
655109258
580786736
693172922
365077472
534593300
637566170
356519696
507847496
376189664
735357974
748365548
604707962
433378526
352758272
485555126
692603852
605238764
470130782
321745208
620170844
519829052
748431194
352602428
642349166
521455298
369356540
553720874
471493346
750112052
729239342
305415176
332820464
537734552
560280128
403747646
501281870
441867092
600163574
650589746
624898832
336922376
748408478
601235096
716960300
504079538
483664100
582774530
418840412
304878398
679715618
317633882
685923134
716628992
290659154
738839894
741096320
449955662
371737310
554769410
269494700
527851382
325483664
499420220
464342072
632727140
319849178
532739660
522698198
520527146
644068904
751365896
422334572
664612394
529953296
275450738
677483060
646375064
518120816
570697682
691485674
604882364
633759944
454387604
527571464
587362586
304213028
671857556
720325814
492828134
486786254
358695806
388826942
534509672
754018466
528009746
534108398
331902626
436578548
355810838
491112194
726851318
425144516
708562310
558513914
331284596
286568006
555354734
734736452
641260202
602681900
512611772
401984150
494738474
468108464
374583290
482515844
379305194
539893724
724479152
376778750
360182138
707627084
546693908
722365808
608130590
351881132
717449360
491700452
573367262
510813194
727668050
489427952
421664324
390360614
395404016
504834062
333666698
716301770
557815190
536730872
508273628
612991598
653117090
606493220
269314394
327113708
456553508
714430940
612961178
283050968
634398494
464037098
690858842
285930140
679863434
762300500
438901970
518020862
603244022
758119298
685567526
417960896
515704784
300825572
732448436
755697902
342760082
272715008
657352220
500953190
733541882
340305872
280506884
517775612
615478658
462704324
430517120
319106066
452316128
350608136
585809492
637787534
583525598
746443904
488288282
760998524
539399660
576983426
551953994
627774476
673877048
733206434
329140400
723994934
336057674
629062682
384195650
443296022
506856452
704389388
438630044
638619620
707514080
435579368
475455308
402427616
364818056
600815192
513798098
641879708
730898474
583224548
725244116
700924370
374390096
637446326
288522086
710284298
599378576
347905688
475193444
541140818
483358496
348409490
404844152
513308624
669494336
608115686
481207946
585294962
717538028
283429022
366760418
304084706
698469980
707822816
576787640
758554484
311025290
290987600
441233780
744867446
289902632
398734952
703159610
567244652
325112198
701259026
328385498
287719772
339911492
411806354
722588756
496558634
596423732
617247068
534353216
358074896
552626690
306663242
650732594
394077758
672580508
637687760
519973394
761277416
620580362
559250726
439062512
529693682
717470312
665960450
494442860
521304908
390499790
359432024
464287964
414996638
329112878
568307048
635615924
501577286
447380348
334724432
728427866
660918632
366970478
526720136
302393462
437097704
297242060
404456810
570348626
508781912
698773460
436644716
487879916
359280464
648638852
770452286
536269676
725772524
526795970
305542526
662242604
455632358
773429324
435247394
561343424
706460000
573666548
393899378
388757426
681547658
294110258
435221564
343749380
652134578
567627962
356847566
718342412
321521144
468948182
395087594
745878164
398036876
353451866
607526924
594769460
412945844
519326438
412507760
722426180
450323780
768166196
691773944
661127252
592396970
665510072
730054652
712404788
694695218
584996936
439332458
614223968
362050934
359027582
617522720
606786980
316422284
736338128
356575298
717877562
438521360
675288032
522603482
708391112
638744360
665110778
686327792
460732784
305531672
436180640
475382066
778885322
523960196
466948166
348808028
489410402
517290386
749458976
434875748
528780506
478842944
603364460
395393756
578598944
567957524
368743100
726879200
599896472
686751170
380785694
309359012
363305354
681399698
635475506
638777894
455598896
751329644
649051592
328669646
345759782
314508866
677749136
340173716
306197402
294306260
630409676
742901846
398231024
732202880
666911264
464319446
759540038
424574024
425053094
680547848
669533486
730210406
558994892
373729208
500901980
611770028
781861514
606470792
553560584
683437280
457213838
418387352
366959804
461868098
410202770
508815068
565765160
450044744
639755438
329347868
482205398
679547894
430940552
439937888
403963628
615751124
606582338
702712130
528312506
765227192
652881110
504479120
371574104
343275458
671985824
335784344
659650604
418423262
360849524
734933462
626689148
568069358
498956684
761382050
391046180
694298282
378361148
712922612
304290428
741466346
644588546
358140506
687468920
606468920
706972154
729565304
699606338
423848516
440014262
301762022
671725256
618629108
780118304
538645442
350713274
608616464
740225894
463345430
404334464
693610286
787738658
495770612
567430016
729575366
601630070
731241554
421022426
304890458
727709774
389482664
599645534
717015992
335751206
439841066
765267566
762324116
317364584
547636568
660977996
432050378
489132086
781958966
622812398
499006526
667968116
598457948
662338760
378993848
714399260
568683608
764688362
305859542
391296056
592463678
449717702
440270672
319163216
729544406
624202070
699591866
648481856
417436124
706608950
684543452
708347858
623103278
542376230
317010776
525587342
614650208
443903792
424403186
711300110
644722736
561730118
397342382
405725810
380208992
634155728
788458784
782302046
502973924
382843670
511683026
586357628
362063876
653106146
559692536
697467110
754767032
454578530
396982148
774374270
520384226
319153010
476346956
561766478
365080622
705834662
622583906
522785948
583903688
435582824
531451634
582320156
315901166
718430684
360991454
705924698
703792004
363422372
673443716
785805026
339484604
543678278
496313294
403496348
354425540
720656366
572200376
583349360
771807812
420018134
511944692
758883578
372388658
696754256
476504888
317993414
743899532
499434188
729420782
747585446
689644328
479261678
793368212
769813016
328017632
577242464
439928600
775848056
460481162
448986938
654803366
646624832
664831022
529159622
396236336
617324900
798284678
615853616
464352674
665216942
429695006
589686872
552608636
441609152
710154932
401644508
789394946
644904986
494053826
583012274
741626114
489888248
626026460
786008246
417791138
462618734
491373734
442735844
471932528
598866350
673134008
778887266
759369074
780120086
643748306
481872164
397818680
356545598
600097478
506743556
318904700
577698728
328462934
558299408
454101152
633591266
761769068
333559544
723401960
576520214
644092322
643747406
447783278
772396322
598788302
420705338
802492718
313635974
358628864
637135358
713592500
784928786
757584950
798486638
676646744
779207126
779558594
713079140
519748466
730445018
698158562
592005146
720111668
355956332
583161008
396344840
632637968
696344486
429129212
426065432
748424876
520340594
429788516
552765128
744986858
554899424
780902492
752522324
801176198
545061254
697071722
438746882
742004690
456253844
341767112
608559818
629771720
644490248
466244258
666216176
446452808
424058036
324534470
484169558
768644780
749361596
617082404
493146932
589095050
612871232
319791884
353598620
428843372
616322930
694537250
524819516
379749596
476920580
352948406
683245724
702431186
532854626
776457536
725078120
662625122
435003944
738979934
615924464
530701322
738606488
533858540
392550044
342056732
585946904
417152984
484615166
490266536
536185094
685810832
554222516
570853004
674983742
788435258
808718630
710281418
594163364
801476852
610662668
602637206
418781228
619280654
377440214
585802274
393235466
566769020
335338574
533188850
470515676
768711560
596195906
608719856
344143346
655620494
334427342
475280528
780617948
576617432
433025564
672055718
373216082
693347990
532739786
511271654
378996584
380974874
599058896
741823232
556172672
439271726
356655110
513838400
581364068
513969638
815737874
429396206
798185750
717163124
641472278
652285436
718589462
668603588
621744026
809694428
746436596
375437804
484250414
612101552
647428316
428769986
655717442
746519918
435375320
788634824
779545112
635663840
704467058
652648424
367730618
650560280
790142738
725868644
795101774
545724338
788702144
462697880
411188378
439211174
451454882
633123248
589583246
755295440
429822572
371374628
709656206
369551786
473297810
807857060
372952382
817171898
435172370
462930566
782852324
637092446
583885634
569430068
624349724
768411806
462326810
523504364
615652430
346026560
440381678
468481820
329894222
475907540
739699574
446056844
404088026
390353324
512281346
587629004
812231906
773803418
595166936
727826630
797595458
713806502
777697466
360817124
340917314
775384916
443702768
820141268
622667030
388638410
367760750
602366504
438923336
535537580
594158360
720275558
347526140
736372922
341955860
773418290
404134592
429136826
764456684
550553036
593768822
585029318
476737430
788774162
571897238
805553672
542283062
348979604
585494564
521309228
455806616
460996790
607382798
793790780
372597800
376413080
520889090
823323866
541886108
509757710
365576342
571234370
476561966
776880086
623836040
462142904
399891848
542897672
685936688
462918380
362651324
451230638
377387186
585405374
676769972
586100066
424807142
460478066
599810360
791831498
431405960
374545706
687591320
455886896
479627276
771920312
426996104
722971724
674585420
635226008
589647470
621749354
790616768
529598696
354628346
633836210
809586572
737607578
436995806
532034420
674846618
507220952
462979256
391580564
693386816
760092512
376178306
782084930
342589550
768862976
355977014
373362908
522183020
654927404
683159378
785239142
720393080
506269058
818185010
547499606
739789304
695058296
359607038
585873266
481514738
767252408
459586040
699554822
367196630
356262656
360403340
555597068
552447230
560338808
393740186
540329000
344674184
444634592
722917724
505936796
504414698
361934042
414216914
610270484
514837688
515162588
385623878
529571984
717127466
440997710
593484170
474046664
713502644
356503748
503245778
837563090
604498334
704280614
506999786
517209224
512303306
729203360
607027226
633364484
594090662
450921488
583503044
756573476
495021632
459090590
702596696
469521860
637192148
446413568
446348660
564554588
812831360
658719482
781949678
825123596
570999020
793419602
487077710
827762936
619073654
645423224
555948122
455748890
732431192
720864788
431567312
806676440
387562892
635714996
806322704
822944012
753387728
550838012
351997592
409573760
417418592
651591068
606560270
410083736
620119526
515657048
556746494
815034164
775313942
749115374
820806836
510439784
712436288
425107076
382458704
813524666
801009248
473903996
396621284
446131040
480900686
439067642
524241230
571140896
712734746
355137134
833736650
802056290
490435088
513373910
545672012
633237638
515477444
719455118
558434120
666528890
469337612
549958892
383124920
550587308
571073270
580127630
502070036
606723008
566292398
678651296
484038554
425378786
679738154
564418148
746022650
499034498
601184732
709827458
692821670
687894170
766783076
634837388
614432174
794516702
738969818
515531318
473253350
697561448
479558120
789239480
700613834
737943836
765269240
557088368
593372570
765791942
780366218
784011524
529250702
535191278
802467302
631036184
824260010
667170932
533903054
646786796
556251224
409384058
814909766
615859772
402334556
746688758
637416266
558628682
761249102
713109506
541402808
551797808
482275094
753448082
784361084
380878988
496284494
434629274
364297226
581806364
486701204
385667384
502014920
515004620
794139926
357474434
364784828
742241408
550926464
743254736
539553398
609265166
693494636
743857214
846925268
372687080
615775190
789519866
744367766
536768852
636591362
649885460
377786084
832756118
695516090
530532104
710109086
749474024
673321532
364956422
760569224
789938438
783309308
630329486
780552590
776224652
773480174
613076108
611210930
668959538
805734950
544537958
607940492
447390590
490248032
397941692
559874156
758608646
666791258
696702974
579571700
408640928
595946984
513880178
496954166
654505826
673381292
410152712
672583928
731156576
727927682
377587040
704901056
566666258
841176122
481249328
416899094
440068388
559444550
716705096
659059124
371702624
843941102
825454922
825868112
369388760
723719192
520977038
480902162
734740628
481784180
665161538
456867302
404524472
829107878
609688238
455849564
736450430
637000142
597805790
755028356
547535048
380261336
716096426
742348688
653935748
546456884
844914848
806669276
568156298
412874906
528415916
791282498
503716766
444863804
462063974
677889698
480245108
490166438
520040174
860872118
685514462
708764972
645997910
463230068
535701902
510894716
804091658
451230494
400164350
466639628
669249842
681272330
778300448
688589528
701234870
537907100
827860082
808060820
552020126
629075156
768969770
622162256
861647756
809093462
478487498
814298630
570797150
735339596
689842598
840866072
732895736
468505400
774999284
799508138
717657170
731073488
697723484
383675846
781837556
674112506
619662128
750053120
490788734
606706880
498539948
577679954
443512796
524578406
823569908
486365180
821521436
504396770
440630474
398750594
691322774
833174924
719611826
535484408
736992248
435255224
589538912
828494762
741029468
509065772
697798814
781948364
691358036
462719228
829768262
543436646
850404200
565145402
710934962
402169532
438417212
409548200
613327496
734601344
691354058
774687128
522810050
768770618
575836160
652226036
776299208
744508598
601542716
753984266
814764254
555814040
757225472
749799572
481172108
842613620
469918670
811991516
643973018
672821510
433298264
763322468
789466838
382497836
554411102
830582996
782440070
439299230
813754112
440968154
443780708
793020506
637757780
756114206
470917526
552241076
476814776
459862538
753939050
560762978
778939016
475614626
816751922
391219502
466298492
517661744
539632796
669700778
735036890
809786408
400579736
533275070
583886192
411240560
449092742
775112882
634218530
589876970
510977534
869064404
856823504
463526690
478133258
647307374
505517360
843864836
440133260
664336760
806876366
696883604
746797820
695813828
721993712
477950198
526017254
524159384
837220532
491778986
708265508
697851356
522748040
837525056
743920232
606508844
390388856
823079462
486258314
580706420
423549896
828902624
804080102
384057194
798297836
838780592
479435216
489622460
682988090
486369860
742233110
621509738
707657126
449925386
798437048
773982266
830982236
437250470
422018528
631706360
734265320
699886724
783580586
796254854
551893514
594848966
644340632
750587774
612168188
763650320
613290272
650243354
759707348
409212374
815934992
841807058
643133714
428234810
735446912
591854198
799018916
825151478
775585670
437454356
687726554
444291440
463693946
635776736
556709468
584510864
874748642
875510762
857057144
622352966
485660894
547513718
703622174
685408298
563996012
565514384
755744720
490359812
486568742
536296838
758015600
626908154
572442674
637771244
851146898
670274600
721247792
792600746
699205100
816211670
655598804
742861994
597800408
618004076
502373264
421449224
462060716
466239056
509342108
481995068
553302482
595538906
550418378
734984024
600986156
546476990
657745448
821146244
592387484
544410680
742199216
543317144
756499010
393715220
412033370
677650442
783204944
569049476
491248580
806611568
417453224
560562854
700384460
757714064
838581062
639270374
873237686
592182572
695944382
586990346
821255342
741069626
493738214
781465244
719483774
528405746
395173832
491646038
638471192
789308582
541990202
802762196
698819648
488710346
541882976
873048686
760726652
675476672
747770648
420430460
470197634
822075314
709190978
813542702
770808272
834771128
711358718
643675658
565446398
468880394
792143276
822302924
482868554
841810208
734274932
737360006
799211696
742471106
436714196
571003250
561952022
869570276
813933230
445105220
659628752
663693512
619540286
850593074
798843884
711219308
444185546
521008304
589256258
489908138
453880112
730242320
561396812
832126820
748945616
499526708
431059838
437708066
586467104
624948098
811778144
800392748
833749952
564241838
453299666
697395218
538488338
761201024
501561554
546788678
421760552
636385262
538768580
552041402
859873892
858309728
566961566
830771978
446303840
841663022
573491804
421741706
440286386
764919410
598367624
782766698
671811764
838760162
763856384
839087438
763440872
800699954
839732990
771092510
854700764
633247376
780777014
761881514
863512178
500187074
673447928
724734410
782572838
574904858
590074412
463894268
594253526
569050628
598062452
797669402
715028216
582244196
720039092
658797098
759268058
696054182
674827790
785791040
434445908
806498366
634914752
656629124
590318222
746726144
791263598
709509092
818628098
693897620
610078136
627649574
759489476
661433972
617656820
560199308
507735806
653470718
856346090
667688936
431022110
474236420
603973256
733548884
814187480
514704164
675903614
835402064
528372896
815876024
523547546
434476634
677227892
736598102
579520490
519015524
805471952
703964354
446622584
804730586
870892214
468191732
846452120
856626152
790053908
838591682
779255492
580202816
867724106
828925376
515309450
561396092
525003710
462870302
652385120
427406342
810490910
736588652
614044724
819063068
422208626
573493406
443758802
592650176
508624016
765774752
562462142
738228128
623017328
625601858
714189632
602720150
743212076
499327826
763337462
443613578
710490236
529033586
508676432
513570830
805204796
633655346
759299036
562072820
533920190
870355850
709226852
851122724
825091862
429713690
719048048
855512690
547801718
551536484
642600374
489187832
415569092
580234640
522796730
837959432
424233122
480773354
526022132
868701650
642544790
860206658
852103778
680378720
423997088
434086844
828587282
503840390
675941378
822437636
447903824
774763934
815689202
852081026
735982178
725168228
828278042
438982772
607646660
857841080
718533086
679099874
601237526
628424528
861949562
812653268
564843020
434417576
659637410
817168586
626055062
685160060
836345138
615347546
633111224
713268248
476687768
599466596
520384892
658931576
806130590
840427052
818481290
620793950
613291514
706563392
846406832
542966054
587434172
665301704
629228894
641017616
674115728
678064928
467957282
585025430
718563668
580540928
487512680
498201962
444705044
792597470
632005628
438118196
460487660
458598038
484427804
549756266
702463172
808682396
735057176
610320308
855956048
863430188
536081432
502836116
625699616
588478802
772068380
424686884
689707616
799872242
725775512
609702278
653527526
526121186
494732732
676088384
682788272
813135020
798929582
610467116
488886674
546210554
720688640
867303482
597762248
595137596
722853968
718711934
692487140
795009092
509904968
534214616
662966906
618116540
604076846
587853050
608452412
697303364
723658640
543025310
720740984
779412956
747214322
746127374
588983576
689170424
430946438
876510806
585389714
794042708
765344804
767660990
432281516
454563356
702403286
837698414
598243874
776749370
591013580
468523904
555387782
783454910
759431390
625227782
705201818
823488818
632498324
637729394
780865718
829619366
588029468
798738080
743893070
505180040
445589510
810199274
485891348
582738476
813362666
558246884
541656158
623160176
751731926
475805822
544129538
820421510
776737850
614001380
787189586
841539704
659283818
481440974
576242168
440747222
549647258
521501648
799710872
767911442
482838224
832661078
543946064
765389894
733038206
607656182
679923878
772984400
459501278
511058516
685261688
716600120
435357464
540893264
659614946
796484912
872400452
541719050
870269792
542850332
473695682
449933918
519443060
568896350
698421830
632896970
436584848
439615166
464511938
550616306
867558506
655535048
845899520
602619530
494486708
736577600
483733274
690090818
526288694
835108610
833963486
867204986
815242280
702673628
601988036
509350946
819573818
535140662
766782392
584459744
558272282
502875536
524284502
445284608
843095192
758133824
474721286
847152644
551458580
798928844
820665194
467663324
540783878
453781598
447246914
726801062
829707224
454143308
675506840
657605588
838501808
798039554
818242826
729439340
865793534
776340014
786213320
704898698
621492548
720038948
630220730
519252008
730969286
571591976
826076930
792818816
457421990
747351194
601823588
781844090
497592878
751679690
486780926
548206448
520711232
602773970
523833854
668572718
561831962
673013354
763498868
601092410
553320230
577273802
719486582
565189286
577179554
687490340
781847600
484594610
548552804
599304002
763313558
610058444
530810456
512537108
661537346
610819862
500092898
575313656
741496010
670966142
459329432
777152426
715094222
723811892
583171538
876195626
549122612
596747138
741767864
628518866
604894118
705433802
759036956
524214284
561817328
768755318
753654272
754727054
493242314
663804194
728908808
671934272
729211460
753837044
512578472
649083452
464751032
595506560
466150028
769146710
452372378
693064292
520347362
842251658
584584268
547235420
560165738
760053218
780241586
875328008
698716886
549372992
583026314
580109972
782933270
784964174
735339038
819603914
672345194
840683714
857682122
547976084
862055330
739817546
700007396
670206200
493617506
863521214
829048784
705739064
585522446
518493632
475904156
659733350
673460744
462101054
863057480
789840770
578493572
767457644
716310374
478649660
772218482
861534860
812327126
733904186
764356370
505174262
483606320
548329496
728588552
464762084
848520662
701941676
559137362
714746246
690862712
548788442
789440576
460884974
567808016
562972028
743546300
625243658
673971314
868088318
750571160
690074618
767567048
606906734
688262054
510720152
743253926
592607930
800445758
628869182
705210368
539001374
623699474
734929034
823007390
836261438
613202216
505849910
641292872
648462182
661702604
767281658
689735462
849036956
834595178
819034646
763932578
748312430
868293500
708835244
821406380
660611588
668816402
477424166
812748272
797278982
757631030
605608466
833292410
590668790
725087498
711298148
500111708
510462842
774737132
600836486
562818200
845647268
548596418
666005378
551431184
675755978
833116118
854729042
781578662
846120812
705992630
789816560
730990400
784743656
741518744
726872396
486391946
811410692
538779398
647653388
851680220
717000278
618286676
652604468
816732086
780114560
696865910
498181730
580983998
727307042
667172570
669274160
777003494
563963108
641899256
473729036
782211920
793735934
859976240
595087232
829512338
851280908
742077374
508098974
849658460
858481214
861488690
582351476
565060352
621555944
795928604
677808536
628905830
817672064
791968154
549883598
563655290
740607008
583140182
510193940
873360986
779832896
706300430
614240366
864319910
502247426
557371616
696230978
676490396
663226034
596972354
560863958
492168578
739632974
855598856
525155630
615944102
622033340
611538602
710346560
642160526
588583292
761274590
837083732
623725574
834136988
578602850
873963230
824924498
597184808
645383678
735992222
697861328
749411564
763257542
867413138
522182786
731890616
631883516
805621154
792352382
809235050
797033192
566954276
530019932
797078660
781522376
875591924
676186304
675858362
834060146
488793704
637157120
663927530
822625106
651984044
605049782
680773244
858147764
776098166
775871276
862582190
758391368
842201276
854001554
515949710
851550584
720652550
515402168
552753572
582712592
561395372
478821362
681627488
855541472
751102070
563545400
558451454
808247030
570562538
860648324
805457066
603564908
867312410
761977886
721349708
644274302
746785112
635033210
817464236
669986132
649371668
800729492
646361384
647556908
822127334
725836370
506483222
564834308
526971740
744165248
560119640
744811952
760645346
510591416
797087624
535637318
850401014
829843124
742704836
506154686
607824734
492871208
857313284
624727994
508519292
487852196
606791354
677101658
665542220
560367338
862580210
647713256
484458692
662221220
756730580
566388662
630998510
683540726
864360788
788497898
542568272
765221468
626683820
622694660
724848062
568235372
662035550
669736796
758938388
495982724
692376584
799970288
501275048
564003536
505380542
774754682
621258008
811738292
794973470
542459840
631386608
617702018
814367786
579918398
829966190
567057272
537719720
623263550
718245212
839095250
508493660
551000264
507566894
720796460
627085598
794250284
638895866
801630860
633169580
530037212
552340094
825894212
822837380
780964160
619576538
584141342
874555106
799380968
576648068
548145248
625077086
746096360
846262868
857705234
679282412
563449856
547014722
595918832
530265794
550521212
735216584
768518708
715926236
635233550
640566446
591482840
863400218
626394398
817808162
492548612
614249330
506644250
559138838
752006786
782661848
855570452
822435548
803711426
817645397
647596400
807382598
875590214
588052562
816283454
762527048
651403436
726718910
707713142
830986574
509682344
779227628
533346998
676289228
747805154
512434904
866777432
616238744
735469844
773972978
780142280
512281148
645181070
647033180
653204984
834475712
736792466
691779740
579564356
682828880
773027960
777675362
675010850
834841310
610541384
780948752
706005176
839610572
630954932
756603014
515190578
740767982
845882042
752513504
666267890
674809790
701552624
714339986
527839772
637924658
589878518
848556932
769795106
643259354
705890966
511771424
696501266
642233336
869316602
797083376
657590504
773145428
535560926
543049142
546169082
525535124
500067140
614248718
620867408
730854788
523019606
765077396
501911942
728764088
527684972
841940996
870549224
784214276
699065546
723688088
613834682
854538602
785098634
572526896
610176290
642440606
680015426
529932650
775469030
673022264
520673684
671881370
829588676
550227254
547718090
573213812
554772308
828318650
647346704
587913098
829970348
760093772
629729528
593332916
618477404
589476308
850924094
596172686
870801206
612094982
789094598
769359074
604699754
620294108
608637092
664786418
672995120
677064452
804247718
512032676
727789514
864816458
548571740
754700576
663814022
604622138
768487316
871895030
581420336
663583676
791553488
812626772
819807728
856219838
547351952
772362500
642459830
690223928
850725230
783813848
589161434
577606730
626991134
540705920
522257270
771652652
807092906
683869568
624155828
803171534
588134498
771006578
826126178
650436116
748528502
662197388
844478150
697042328
684779180
577638464
633956792
626833418
676525586
552115850
685561064
803387606
695490692
653906390
746671928
537832346
704907140
566178458
578325182
688165358
641878250
726183698
682533752
571743896
753122696
804454610
529620710
793471766
818379842
866010506
551761268
844747484
568999220
840561440
700665332
828625190
629403440
682278404
548913776
725671544
826971872
723281126
553582220
724114616
738748976
677873300
550097312
822746480
713204096
824016704
764611808
821004854
822397298
693347432
588442784
677128658
810170906
786825968
557811500
813774110
794501186
820102838
683600990
857110280
725113688
666184460
591662984
806073980
824551646
521861018
532349816
564258020
810278798
730993766
741208280
655281374
752043128
638569310
532549436
543984980
865497632
642487784
720620492
821249330
853793834
732055712
665974418
591409238
691353590
594670244
563207000
838609754
721423688
748791644
531837410
583626272
550164560
730445864
808082330
536985428
571980776
532975604
612843044
762699848
525896924
682068956
666292748
617338634
602905514
649254362
858700004
524834780
566874644
627711152
756051764
647760650
744957752
807180206
632521796
838622264
597763418
820662638
803206346
537036332
537442232
875327450
538207214
716726354
628766114
678278534
689567990
779394164
818603096
638457170
751588466
874287554
646526066
814429274
781222280
553546256
808930004
718037978
634114454
845599226
633555554
573822878
806785142
563191988
770367218
568147874
814281386
592421414
744362114
651768764
604075010
607763174
584625632
615556940
754215728
709373390
790540646
557320046
533023142
693526460
605042006
807204992
596366852
833020970
855206780
875553350
584182724
636419120
579791444
530772728
754866626
857629454
712027382
748890554
629387474
606199748
848000984
637174112
566872772
799721474
697876052
848099984
563901080
858753122
831265088
728893652
601771586
680272988
594422330
735085562
705013034
741443126
842825192
844546172
689068130
805800740
713266520
764337560
792613598
824854748
831140636
859629668
547539440
704971760
686158502
670856414
798560168
835626794
540524462
760375616
780698966
647505248
783107528
872127608
742117136
815541476
873798584
821347268
796361342
710146130
577097762
618233450
594467330
753459440
873318758
837065336
690569312
724975862
691897460
869545634
871384820
720812138
609897110
843445616
789654452
758722082
806602298
790025162
750419906
729836402
592160702
700226600
753950786
598628426
617681534
713742710
709524482
645812330
717122012
769291088
861417338
665959370
749167826
562591256
871369646
663622556
583485296
707904896
747504428
823779320
713254514
557206034
846245012
837745862
546298502
628042424
787006202
675092012
633236288
799394594
554003780
837614318
570067826
771591830
618109448
772152800
797559656
654850040
751195760
635628002
848123204
617234162
717219284
728636054
607567262
668354684
582888830
874273334
597026534
562092782
718783376
634832366
639353786
736344590
599702702
809442932
568945652
649023368
766346540
733345736
847319918
615659522
764373740
836369636
810463136
876237494
791905298
616007138
590627102
719329280
681145826
730860764
694682078
808909286
821726546
729608396
868086590
721524776
645416024
552527204
648015350
849239330
722400692
769472672
820401890
616365914
872176676
798236204
841849610
809814650
790093058
805595450
706826822
778370054
632579108
871665368
772039706
644000396
755931650
691841048
557387456
579710606
864097412
574606508
641506046
826775798
853514384
833097110
763095812
766582286
616940060
757821560
710268386
859132364
680661482
683700206
788141984
866514218
826555532
622695182
825486494
643325018
713705774
558037778
640701734
797257562
789149912
784766642
639584456
623381342
681897686
725655812
664850930
856467032
782962394
756503816
665193812
653197820
816869318
803585030
726579680
743389736
652201214
571092602
667064948
608468198
728572802
625271864
861196244
723328934
843057824
579288488
782672324
805754894
589310384
637516418
858061166
584598722
792353732
817500992
860184230
786319304
677559596
628894202
644503406
836077406
750566192
830090048
804118334
863551256
605532992
687942068
620996630
753084464
756370076
644403902
827792042
627833480
767786558
645927350
821429096
849840278
876177734
875517728
623542910
858917876
626267210
762477008
865128272
747408326
649871636
661044542
712785020
646746368
647238884
818832578
866854742
845934044
700574162
685804838
777243218
650890310
600824894
855518450
857515208
747562568
867372530
639550418
806358866
594350978
697550396
826122452
799505888
627362384
747395744
768899552
787906256
638731688
715475408
717503630
855510530
725763596
725907236
702106790
573720854
871492334
659272928
782260214
630216374
777016886
575604194
585012056
799274948
642053174
768776900
749785766
706566182
753207944
871331702
785487506
835624616
760327520
611047796
673091204
692705588
851915714
853008458
632939774
681093968
586946696
614294132
640107464
629195828
630564170
660441362
641611274
603847130
582994634
669068888
783625748
713058584
767322320
861774818
830475626
745059092
689857862
736742102
597241148
868650260
861002690
810521024
722070284
693967082
831710444
595079168
685233410
714309800
699496520
836052062
746266172
585109778
659288192
696317810
788293562
651661160
628979036
807223208
870422918
749738408
623389910
595395644
632649704
629184704
774941738
646740644
850468208
717326258
637677788
715651268
846218084
608053784
817055006
818325356
608183060
666879890
604668686
763137500
730397048
730562396
812038514
625005302
581638928
750865928
668222438
811485752
848789798
705438356
605201828
595153886
785259104
632417126
682691468
839771528
788454608
604774868
743843408
717186722
777416720
792008798
842488610
842384480
668185106
753746432
784585544
653018342
643834670
822238106
661082612
661446518
708142568
774787118
639234608
788810414
590410328
712389614
789877202
683288672
775300136
765869216
719093660
703549796
627053774
638907638
632548382
875241554
748678910
711136418
741613838
801470714
631227848
621651002
801484142
667847426
854588678
736874978
862195622
602930912
827277728
835131128
625631918
655798388
843081674
831845066
867666200
858329888
752341586
636656162
615948368
655048544
735574802
860709380
872099888
814322372
599261990
610381328
628816622
734459756
749447834
758938064
715510796
612648266
674229884
844704896
773705120
703848290
693343346
695226128
657300236
733699382
687828128
712274702
731837120
865299362
747024656
851075924
606374366
791932262
694180922
643259588
846402458
606123410
824635184
859798724
648644630
819980276
618065294
619858058
636004958
849409556
770143658
851238824
818602826
743135216
674551562
752272160
747467978
730348592
600483128
644052542
790359494
646065464
773584556
764482100
731757974
816052694
640722992
619082600
835778084
792996530
651757694
617401742
635069246
840979094
859931708
826973348
639862268
759310484
823518680
739157774
849466040
827747996
619605122
789553598
641255396
866094962
866664446
675300812
783684734
850245872
696283520
644021258
846824702
691494350
701051972
643211978
674383946
608382590
809766068
648507668
836774132
648325688
808033118
779337662
618252458
753686114
628527794
676052114
620043350
738841766
678485678
766586606
714532442
795832214
741411302
717596852
664379168
793541732
712345622
859881848
830842592
845867858
634032968
708595430
775103378
816852128
764223224
813123230
766045256
875545106
810512294
627580040
695548904
738703796
720206312
615264206
771638864
800123000
663534122
755386106
826412990
745739978
862048670
669456734
674459762
759751376
633152750
756021542
839666984
642586802
832079498
663998882
781415762
627195020
737289536
795398972
720178556
713828066
855932486
792861584
645168596
656632418
624321842
867888428
857001146
627001664
664044926
860249372
826841102
814227242
801741560
742909064
661287092
754671434
802449014
662974556
864831272
864874274
769790282
802256468
739775120
734757566
629447684
757642100
632823026
826130246
684150206
833221130
812330708
720808484
757763654
642147368
689736596
729509558
803514506
738767966
679825400
645964178
746448782
730317974
665664080
826920752
805809128
834468350
631702850
713541020
852046700
665292758
837579272
645892628
695042240
763945790
680963504
798544904
716227196
746242646
754451150
745126898
830488460
790534076
639956372
843622592
788422064
681541502
717311336
699572552
761087966
835371374
857621552
806133938
773290886
694205726
714115382
830469956
807011690
643463402
765350600
702161636
671945738
700890584
669358634
707033552
665392298
852377684
863361590
873631994
648714002
863790476
851690480
708770840
642176762
711808250
791992580
661047584
683899808
660919730
845619260
819272354
815785430
640950440
676803830
714887078
700367144
797716958
731368778
663700190
711841784
812001002
855115358
809168918
696094646
852412334
834681002
687467714
832074800
725875520
779834246
805077734
826689776
784015394
666405788
808192994
821716196
845616596
862616534
817862792
644294948
664161062
734907470
759423326
661385048
859859294
760309430
828664160
827919104
736736540
821908760
800852918
734980190
848285078
837156794
765468482
770203814
680812880
797501282
648332690
683387960
706791614
841407710
684611168
697924886
865453496
740769602
672076688
869828774
672314576
737387924
816535328
852516302
731826032
651269048
870535130
816183266
867227216
730319360
783871736
722848442
863684906
710106962
658804424
782567366
858549686
738709124
796286336
806172278
695836742
787548416
866224670
849410582
703143500
856080428
818008358
803886998
710325392
791273102
661444988
763705544
652033310
856595822
659616170
677809490
813078932
728133296
673055870
864543578
779739350
841753742
847063976
771324584
663507086
669927668
867470936
699024380
693483728
855757022
758734952
657269294
703230098
675107078
725670500
688936874
754297394
850812206
875154470
665490974
729279698
863144096
862406978
782020814
805392680
864481694
664913984
767307722
688075448
711213260
698983232
816122066
790312514
666448808
739884020
873667670
860721152
847174082
797178020
859898192
842345528
683573198
813788006
850610012
665537288
832372970
711548690
739286186
773072996
761616824
719981420
776108966
729275216
868230464
817970126
692598056
725475416
771057356
784445918
763394918
737303954
696305066
664948580
754307240
788769446
673409570
762237482
764933018
706265330
811026608
801719780
807047024
769163630
681997280
798940868
724567586
684701726
730148522
836294576
757540760
816414224
768692228
867307586
697138574
749666084
697926524
810285602
824054162
697866620
668947100
679290782
802880960
792104630
846792014
758901038
866034050
727965464
859650566
809125394
763550024
684518720
722487596
755454758
672255464
811906916
834058130
719319218
807839528
727601558
726547892
752809532
674861090
841012466
849363350
742356896
871409030
833536112
675736340
871912562
850027280
813169436
748506398
751529876
745193696
844706012
786880868
815272736
712267826
776971112
863685428
779011628
758128064
826564694
780686330
837951242
757615982
821543324
863930984
804952976
730936652
809824676
858826238
683142314
845706542
691584800
689293832
849657614
746488022
858889724
701333690
774557672
771071378
769574408
734156186
820341788
696440714
722067314
730672286
716380016
750429284
724140986
689314712
814001432
827904704
802878656
871154132
700457324
794157800
777985790
768426836
815749070
800631824
781116818
799072682
798560564
730902218
741264836
837298976
798866744
793782932
859989002
875868908
790851956
770106776
819599504
827438954
815413712
694215194
758493410
724275968
822006230
735084122
796665128
865459580
831543296
711543290
788423666
811484510
806025254
874938740
758477696
790219166
701383820
772909934
735592946
775319972
800678678
772355048
861579860
794485040
832914878
807007154
876361946
829174874
808615616
845800592
763873268
772584206
806155124
800339018
814310420
791427848
873888710
745309868
863172986
712020164
712793102
784502222
775384970
763173194
723166250
829210226
737227022
788601650
863835314
716934326
740934680
733187372
740879006
771050048
816119330
827711654
765527648
717384884
736165454
858094556
848815448
717137960
756785750
711149612
845088530
836665664
751806284
768553880
873534416
721957010
855789674
835891628
849402212
769246772
791236760
777869006
762485540
811171238
791593250
800483126
769591778
814288100
796959140
769751276
871302344
781968254
741882632
764694464
814439840
819746618
739185368
849426206
773606984
743131364
770373554
774513428
762502622
814899794
779309006
871245914
851806490
834234908
832290602
824396162
739889294
800027600
792326588
722808068
788032598
867111350
776773040
854646980
774787352
776318918
846724676
838003334
734828108
806093942
756701330
777160022
799276586
765089330
818424698
870241154
800706092
809340980
794929766
869188514
841184510
820996844
801642974
743218088
739627772
772828268
853785392
832940438
764429018
856985846
845367692
770215406
811177952
753198710
733514900
860220770
733230104
758082848
859238564
768522740
790772000
822125768
762399986
836836808
755116628
870118376
780103904
851317988
786204212
831628310
795113924
743001368
768356240
808795814
829992542
822180542
840140312
735393740
803758964
782752190
865356584
862144664
740712038
846205628
863583260
861919916
853682630
855258620
780271358
777306002
767347016
776018642
815949194
786638012
832831970
875224760
835500452
858387362
763607462
876316334
784246280
838723118
846074678
841997966
828106358
868707770
749130854
838463270
812979374
872281526
830492924
770076572
768880364
858592742
806840438
807311696
864222098
852733274
776180120
799961378
775440086
874834970
777880688
791507462
823402022
814868168
851758106
875086754
797395010
753523934
825633302
793956524
793813334
835807820
835516112
826434770
829815620
787763606
758258564
814544222
806233388
841495874
766503950
876260354
791616164
850421336
871254086
760946900
816339470
824005148
869102978
803932772
784743278
808581650
831675092
834827180
777469100
869548604
768625106
792527486
792461588
767273630
859178192
775912694
772145438
858718796
831483806
863058668
797920322
793845842
827086874
776838182
849644402
791098394
831043850
840756740
860359910
850119854
840421706
833190998
824185634
797514548
852323378
832096526
838868144
795731972
845724344
773599298
853318688
869579744
863865734
826339964
846696380
811020110
807549476
870067904
854316932
845018492
818046500
853745054
846969152
847352930
779286920
860591444
806753876
785331878
850634492
869435186
837812318
829365026
816396890
803825132
826889450
822071858
788972972
829091498
798093212
801277106
796374554
817707596
876454934
822351056
860770742
838687568
874076198
840293978
805827776
864896936
870984860
875646266
873006512
804222590
805337744
838809932
853871594
868365788
797518184
853118942
851775890
825497132
869170388
847818086
828547862
876084440
848801876
797925182
798395306
869255510
854649104
860104832
811661450
832066106
845444750
805822322
835809710
853099556
860615258
825640700
874229324
809010680
859843076
814713800
837641498
847819490
829119326
810886244
824102546
828372992
870806282
872713508
849790562
844897460
844787282
869692712
842198324
866208650
849694010
818953862
857526746
816791828
851345060
828311594
842865242
833417546
866895206
855911084
850323128
864544370
860674748
864185162
842559908
830763788
829066730
832760348
853789946
865292684
840392708
865395014
836689280
838474844
865975172
841154486
856973660
861422684
842096210
869316836
839940296
847525694
848502122
860849870
869671382
856624388
871051316
863585294
868676720
852053450
869637470
857196194
860496026
867524936
869146034
863998502
864244346
872863898
867585290
867336260
871736036
876097796
874333526
